Deck Distance Score for: 
      Results/UntilAvg60Run/FROM_null_WITH_r6_c0

Similarity: 63,90% (Score: 56932/89100) 

	11	10	10	16	10	11	16	9	10	10	10	15	9	11	11	9	10	10	11	10	10	10	11	10	10	15	11	16	9	10	10	11	10	10	9	10	11	10	9	10	12	11	11	10	12	10	10	10	11	11	10	11	11	11	10	10	10	16	11	11	10	11	10	10	10	16	10	9	9	10	10	10	10	10	11	11	10	11	16	9	11	10	11	11	10	15	11	9	9	10	11	9	16	11	9	10	10	11	11
		11	14	10	10	16	11	9	11	10	11	9	10	12	11	9	11	11	14	10	12	10	15	12	11	10	10	11	11	11	14	11	10	15	10	14	12	11	10	9	12	13	11	11	12	11	11	12	13	11	10	12	14	10	11	10	14	11	12	12	10	11	14	12	10	10	10	9	12	9	14	10	11	12	12	11	11	14	10	9	15	10	12	11	10	10	15	10	9	11	11	10	11	12	9	10	12	14	15
			11	9	11	12	10	11	12	12	10	9	11	16	11	11	11	11	11	11	13	12	12	16	12	10	12	10	11	13	12	16	11	12	11	11	16	11	12	12	13	15	13	11	12	10	10	11	11	12	12	14	12	12	10	12	12	10	15	12	12	11	11	12	11	10	11	12	12	11	11	11	16	15	15	12	12	11	9	10	11	12	16	14	11	10	12	11	12	11	16	11	10	16	12	12	10	11	12
				9	10	15	10	9	10	10	12	8	11	12	11	9	11	10	16	11	12	10	16	12	11	9	10	10	12	11	16	11	11	14	10	16	12	11	10	9	12	13	12	11	11	10	11	11	13	11	10	12	16	10	11	10	16	10	12	12	10	10	16	12	11	9	11	9	12	9	16	10	11	12	12	11	11	16	9	10	16	10	12	11	11	9	16	10	9	11	11	11	10	11	9	10	12	15	17
					9	10	16	8	9	9	9	14	8	10	11	9	9	9	10	9	9	9	10	9	9	14	10	16	8	9	9	10	9	9	8	9	10	9	8	9	11	10	10	9	11	9	9	9	10	10	9	10	10	10	9	9	9	16	10	10	9	11	9	9	9	15	9	9	8	9	9	10	9	9	10	10	10	10	16	8	10	9	10	10	9	14	10	8	8	9	10	8	15	10	8	9	9	10	10
						11	10	13	13	13	11	9	10	12	12	13	13	13	11	13	13	14	11	12	15	8	15	10	11	14	10	11	11	10	12	10	11	13	14	14	13	12	12	11	12	13	11	12	12	13	14	12	11	14	12	14	10	10	11	13	14	12	10	15	11	9	12	13	14	15	10	13	11	11	12	14	12	10	10	10	10	14	12	11	11	10	11	10	13	10	11	10	10	11	13	14	11	10	11
							11	10	11	11	12	9	11	13	12	10	12	11	15	11	13	11	16	13	12	10	11	11	12	12	15	12	11	15	11	15	13	12	11	10	13	14	12	12	12	11	12	12	13	12	11	13	15	11	12	11	15	11	13	13	11	11	15	13	11	10	11	10	13	10	15	11	12	13	13	12	12	15	10	10	15	11	13	12	11	10	16	10	10	11	12	10	11	12	10	11	12	15	16
								9	10	10	10	14	9	11	12	9	10	10	11	10	10	10	11	10	10	14	11	16	9	10	10	11	10	10	9	10	11	10	9	10	12	11	11	10	12	10	10	10	11	11	10	11	11	11	10	10	10	16	11	11	10	12	10	10	10	15	10	9	9	10	10	11	10	10	11	11	10	11	16	9	11	10	11	11	10	14	11	9	9	10	11	9	15	11	9	10	10	11	11
									13	16	9	8	9	12	10	14	11	13	9	14	12	16	10	11	14	7	13	9	11	14	9	11	10	9	10	9	11	11	14	14	12	12	12	10	11	11	10	11	11	12	14	12	10	14	10	16	9	9	12	11	14	10	9	14	10	8	10	14	13	14	10	11	11	12	11	14	11	9	9	9	9	16	12	10	10	9	10	10	15	10	11	10	9	11	14	15	10	9	10
										13	10	10	8	12	10	13	12	16	10	13	13	14	11	11	14	9	13	10	11	14	11	11	9	11	12	10	11	12	14	14	13	13	12	10	13	13	10	13	13	13	14	12	11	13	11	14	11	10	12	12	14	11	10	15	9	10	10	14	14	13	10	11	11	12	12	14	11	10	10	8	11	14	14	11	9	10	11	10	14	10	11	10	10	12	14	14	12	10	11
											10	9	10	13	11	14	12	13	10	14	13	15	11	12	14	8	14	10	12	14	10	12	11	10	11	10	12	12	14	14	13	13	13	11	12	11	11	12	11	13	14	13	11	14	11	16	10	10	13	12	14	11	10	14	11	9	11	14	13	14	11	12	12	12	12	14	12	10	10	10	10	16	13	11	11	10	11	11	15	11	12	11	10	12	14	15	10	10	11
												8	10	11	14	9	14	10	12	11	12	10	12	11	11	8	11	10	13	10	11	10	11	11	13	12	11	14	10	10	13	12	12	11	12	11	16	11	12	12	10	11	12	11	16	10	11	10	11	13	10	13	11	12	11	9	12	9	11	10	11	13	10	11	12	11	11	11	9	10	11	10	12	11	11	10	12	9	9	10	10	10	10	10	9	10	11	11	12
													7	9	9	8	9	9	9	9	9	9	9	8	9	15	10	14	7	9	9	9	8	9	9	8	9	9	10	10	10	9	9	8	10	9	8	9	9	10	9	9	9	10	9	9	9	14	9	9	9	9	8	9	8	16	8	10	8	9	8	9	8	8	9	10	8	9	15	7	9	9	10	9	8	14	9	7	10	8	9	7	14	9	10	9	8	9	9
														11	11	8	10	8	12	9	10	9	12	12	10	8	10	9	10	10	11	11	16	10	9	11	12	10	9	9	11	12	10	11	10	9	11	9	10	10	9	11	12	10	10	10	11	9	11	11	9	10	11	10	16	8	10	8	10	10	12	10	11	11	12	10	10	11	8	16	11	10	11	11	16	9	11	12	9	13	11	12	9	11	8	10	9	11	12
															12	12	12	12	12	12	14	13	13	16	13	10	13	11	12	14	12	16	11	12	11	12	16	12	12	12	14	15	14	12	13	11	11	12	12	13	13	15	13	13	11	13	12	11	15	13	13	12	12	13	11	10	12	12	13	12	12	12	16	15	15	13	13	12	10	10	12	13	15	14	11	11	13	11	12	11	16	11	11	16	12	13	11	12	13
																10	14	10	12	11	12	11	12	12	12	9	12	12	12	11	11	11	12	11	14	11	12	14	11	11	13	12	12	12	12	11	14	11	12	12	11	12	12	12	14	11	11	12	11	13	11	16	11	12	12	10	12	10	11	11	11	16	11	11	12	12	12	11	11	11	11	11	12	11	12	11	12	10	10	11	11	10	11	11	10	11	11	11	12
																	11	13	9	14	12	15	10	11	14	7	13	9	10	14	9	11	9	9	10	9	11	11	14	14	12	12	12	10	11	11	9	11	11	12	14	12	10	14	10	14	9	9	11	11	14	10	10	14	9	8	10	15	13	13	9	11	11	11	11	14	12	9	9	8	9	15	12	10	9	9	10	9	14	9	11	9	9	11	14	14	10	9	10
																		12	12	11	14	12	12	12	13	8	13	10	13	12	11	11	11	11	16	11	11	17	12	12	14	13	12	11	13	13	14	13	12	14	12	12	12	13	15	12	11	10	12	14	12	14	11	14	11	9	12	11	13	12	11	15	11	12	13	12	12	11	10	10	11	12	13	12	11	10	12	10	11	10	11	10	10	11	11	12	11	11	12
																			10	13	13	14	11	11	14	8	13	10	11	14	10	11	9	10	11	10	11	12	13	13	13	13	12	10	13	13	10	13	13	13	14	12	11	13	11	14	10	10	12	12	14	11	10	15	9	9	10	13	14	13	10	11	11	12	12	14	11	10	10	8	11	14	13	11	9	10	11	11	13	10	11	10	10	12	13	14	13	10	11
																				10	12	10	16	12	11	10	11	11	11	11	16	11	12	14	11	15	12	12	10	10	13	13	11	11	12	11	12	11	12	12	10	12	16	11	12	10	16	11	12	13	10	11	16	12	12	10	11	9	12	10	16	11	11	12	13	11	11	16	10	11	16	10	12	12	12	10	16	10	9	11	11	10	11	11	9	10	11	15	17
																					12	15	11	11	14	8	13	10	11	14	10	11	10	10	10	11	12	11	14	14	12	12	13	11	11	11	10	11	12	12	14	12	11	14	11	14	10	10	11	11	14	10	10	14	10	9	11	14	13	13	10	11	11	11	11	15	11	10	10	9	10	15	12	10	10	10	11	9	14	10	11	10	10	11	14	14	11	10	11
																						13	13	14	14	8	13	10	13	13	12	13	11	12	13	12	13	14	13	12	14	14	13	12	13	13	12	14	13	14	13	13	13	13	13	13	12	10	14	14	13	12	12	15	11	9	12	12	14	12	12	13	13	14	14	13	13	12	10	10	12	13	15	13	11	10	13	11	12	11	13	11	10	13	12	13	12	12	13
																							11	12	15	8	14	10	11	15	10	12	10	10	11	10	12	12	15	16	13	13	13	11	12	12	10	12	12	13	15	13	11	16	11	15	10	10	12	12	15	11	10	15	10	9	11	15	14	14	10	12	12	13	12	15	12	10	10	9	10	16	13	11	10	10	11	10	15	10	12	10	10	12	15	15	11	10	11
																								13	12	10	11	11	12	12	16	12	12	15	11	16	13	12	11	10	13	14	12	12	12	11	12	12	13	12	11	13	16	11	12	11	16	11	13	13	11	11	16	13	12	10	11	10	13	10	16	11	12	13	13	12	12	16	10	11	16	11	13	12	12	10	16	11	10	12	12	11	11	12	10	11	12	16	17
																									13	9	12	10	12	13	12	16	12	12	11	12	16	12	12	11	13	15	13	12	12	11	11	12	12	12	12	14	13	12	11	12	12	10	15	13	12	12	12	13	12	9	12	11	13	11	12	12	16	15	15	12	13	12	9	11	12	12	15	14	12	10	13	12	11	12	16	12	10	16	11	12	11	12	13
																										8	14	10	12	15	11	12	11	11	12	11	12	13	15	14	13	13	13	12	12	13	11	13	13	13	15	13	12	14	12	15	11	10	12	13	15	12	11	16	11	9	12	14	16	14	11	13	12	12	12	15	13	11	10	10	11	15	13	11	11	10	12	11	14	11	12	11	10	12	14	15	12	11	12
																											9	14	7	9	10	10	8	10	8	9	10	8	8	9	10	10	9	8	10	8	8	8	9	9	8	10	10	9	8	8	10	14	10	9	8	9	9	8	8	16	8	8	8	8	9	8	9	9	10	9	8	10	14	7	10	8	10	10	8	14	10	7	8	8	10	7	14	10	8	8	8	10	10
																												11	11	14	10	12	11	10	12	10	12	13	13	14	14	13	13	11	13	12	11	12	11	14	14	13	11	14	12	14	10	11	12	13	14	12	10	14	11	10	12	13	13	16	10	13	12	12	13	14	12	10	11	10	10	14	13	12	11	11	11	10	13	10	12	10	11	12	13	14	10	10	11
																													9	10	10	11	10	10	9	10	11	10	9	10	12	11	11	10	12	10	10	10	11	11	10	11	11	11	10	10	10	17	11	11	10	12	10	10	10	15	10	9	9	10	10	11	10	10	11	11	10	11	16	9	11	10	11	11	10	14	11	9	9	10	11	9	15	11	9	10	10	11	11
																														11	11	11	11	11	12	12	11	13	11	10	13	13	13	11	12	11	13	12	12	12	11	12	12	11	12	12	11	9	12	13	11	12	11	13	11	8	12	10	12	11	12	12	11	12	12	11	12	11	8	10	11	12	13	11	11	9	12	11	11	11	11	12	9	11	10	12	11	11	12
																															11	13	10	11	11	11	13	12	14	14	13	14	13	11	12	12	10	12	12	13	16	14	12	14	11	15	11	10	13	12	16	11	11	15	10	9	11	14	15	14	11	12	13	13	13	16	12	11	10	9	11	15	13	12	10	10	12	10	14	10	13	10	10	13	14	16	11	11	12
																																11	11	15	11	15	12	11	11	10	12	13	11	11	11	10	11	11	12	11	10	12	16	10	11	10	17	10	12	12	10	10	16	12	11	10	10	10	12	9	16	10	11	12	12	11	11	16	9	10	16	10	13	11	11	9	16	10	10	11	11	10	10	11	10	10	11	15	17
																																	11	11	10	11	16	11	11	11	13	15	13	11	12	10	10	11	11	12	12	14	12	12	10	12	11	11	16	12	12	11	11	12	11	10	11	11	12	11	11	11	16	15	15	12	12	12	10	10	11	12	15	15	11	11	12	11	11	11	17	11	11	16	11	12	10	12	12
																																		10	10	11	12	11	10	10	12	12	11	12	11	10	12	10	11	11	10	11	12	11	11	11	11	10	11	12	10	11	11	11	16	9	11	9	10	11	12	11	11	11	12	11	11	11	9	16	11	11	12	11	16	10	11	13	10	14	11	13	10	11	9	11	10	11	12
																																			11	14	12	11	11	10	12	13	11	11	11	10	11	11	12	11	10	12	14	10	11	10	15	10	12	12	10	10	14	12	10	10	10	10	12	9	14	10	11	12	12	11	11	14	9	9	14	10	13	11	10	9	15	9	10	10	11	9	10	11	10	10	11	14	15
																																				10	10	16	12	12	13	12	11	10	12	12	13	12	11	13	11	11	11	12	14	11	11	9	11	13	11	14	10	13	10	9	11	11	12	11	10	15	10	11	12	11	11	10	9	9	10	11	13	11	10	9	11	9	11	9	10	9	9	10	11	11	10	10	11
																																					12	11	10	9	12	13	12	11	11	10	11	11	12	11	10	12	15	10	11	10	15	10	12	12	10	10	15	12	11	9	11	9	12	9	15	10	11	12	12	11	11	15	9	10	15	10	12	11	11	9	15	10	9	11	11	11	10	11	9	10	11	16	16
																																						11	11	11	13	15	13	12	12	10	11	11	12	12	12	14	13	12	11	12	12	11	15	12	12	11	12	12	12	10	11	11	12	11	12	11	16	15	15	13	12	12	10	11	12	12	15	14	12	11	13	11	11	12	16	11	11	16	11	12	11	12	13
																																							12	12	14	13	12	11	13	13	14	13	12	14	12	12	12	13	15	12	11	10	12	14	12	14	11	14	11	9	12	11	13	12	11	15	11	12	13	12	12	11	10	10	11	12	13	12	11	10	12	10	11	10	11	10	10	11	11	12	11	11	12
																																								15	12	12	12	11	11	12	10	12	12	12	14	12	11	14	11	14	11	9	11	12	14	11	10	15	10	9	11	16	14	13	10	12	11	11	11	14	12	10	9	9	10	15	13	10	10	9	11	10	16	10	11	10	9	11	16	14	11	10	11
																																									13	12	12	10	12	12	10	11	11	13	14	12	10	16	11	14	10	10	11	12	14	11	9	14	10	10	11	15	13	14	9	12	11	11	12	14	11	9	10	9	9	15	13	11	10	10	10	9	15	9	11	9	10	11	15	14	10	9	10
																																										15	14	12	16	13	13	13	13	16	13	14	13	14	13	13	12	12	14	16	13	13	12	14	12	11	13	12	13	13	12	13	13	14	15	13	13	12	11	11	12	13	15	14	12	12	13	11	12	11	13	11	12	13	12	13	12	12	13
																																											14	12	14	12	12	13	13	14	13	15	14	13	12	13	13	11	16	14	13	12	13	14	12	10	12	12	14	12	13	12	15	16	16	13	13	13	10	11	13	13	16	15	12	11	14	12	12	12	15	12	11	15	12	13	12	13	14
																																												12	14	11	11	12	12	14	13	14	12	13	11	13	11	11	13	14	13	12	11	13	11	10	13	12	12	12	11	12	13	13	13	13	13	11	10	10	11	13	14	12	11	11	12	11	12	11	13	12	11	13	12	13	11	11	12
																																													11	10	11	11	12	11	12	12	12	11	11	11	11	10	11	12	12	11	11	12	11	9	11	10	11	10	11	11	11	11	11	12	12	11	9	12	11	11	12	10	12	10	12	11	10	12	11	11	10	11	11	11	11	11	12
																																														13	12	13	13	16	12	13	12	13	12	12	11	12	13	16	12	13	11	13	11	11	12	11	12	12	11	12	12	13	14	12	12	11	11	10	12	12	14	13	11	12	12	11	11	11	12	11	12	13	11	12	12	11	12
																																															11	15	14	13	12	11	11	13	12	12	10	10	11	13	12	12	10	14	10	9	11	11	13	12	10	12	10	11	12	12	11	10	10	9	11	12	12	11	10	10	11	10	11	10	10	10	10	11	11	12	14	10	11
																																																11	12	12	10	11	12	11	16	11	11	10	11	13	10	13	11	12	12	9	11	9	11	11	12	13	10	11	12	11	11	11	9	11	11	11	12	11	12	10	12	10	10	11	10	10	10	10	9	11	11	11	12
																																																	14	13	12	12	12	12	12	12	11	10	12	13	12	12	11	14	10	9	11	11	13	11	11	12	11	12	12	12	12	11	10	9	12	12	13	11	10	10	12	11	11	11	11	11	10	12	11	12	14	11	12
																																																		12	12	12	13	12	12	12	12	11	12	13	12	12	12	14	11	10	11	11	13	11	12	11	11	12	12	13	12	12	10	10	13	12	13	11	11	11	13	11	11	12	11	11	11	12	11	12	16	12	13
																																																			13	13	12	14	13	13	11	11	13	16	13	12	11	14	11	10	12	12	13	13	11	13	12	13	14	13	12	11	11	10	11	13	14	13	11	11	12	10	12	10	12	10	11	12	12	13	11	11	12
																																																				13	11	14	11	15	10	10	12	12	17	11	10	15	10	9	11	14	14	14	10	12	12	12	12	16	12	10	10	10	10	15	13	11	10	10	11	10	14	10	12	10	10	12	15	16	11	10	11
																																																					13	13	11	13	12	11	14	13	13	12	12	13	11	10	12	12	13	12	12	12	14	14	14	13	13	12	10	10	12	13	14	13	11	11	13	11	12	11	14	11	11	14	12	13	11	12	13
																																																						11	12	11	16	11	13	13	11	11	16	13	12	10	11	10	13	10	16	11	12	13	13	12	12	16	10	11	16	11	13	12	12	10	16	11	10	12	12	11	11	12	10	11	12	15	17
																																																							12	14	10	11	12	13	14	12	10	14	11	10	12	14	13	14	10	13	12	12	13	14	12	10	11	10	10	15	13	12	11	11	11	10	14	10	12	10	11	12	14	14	11	10	11
																																																								11	11	10	11	13	11	13	11	13	11	9	11	10	12	11	11	14	10	11	12	12	11	11	10	10	11	11	12	11	11	10	12	9	10	10	10	9	10	10	10	11	11	11	12
																																																									10	10	13	12	15	11	10	15	11	9	11	14	14	15	11	12	12	12	12	15	12	10	10	10	10	16	13	11	11	10	11	11	15	11	12	11	10	12	14	16	11	10	11
																																																										10	12	12	10	10	16	12	11	10	10	10	12	9	16	10	11	12	12	11	11	16	9	10	16	10	13	11	11	9	16	10	10	11	11	10	10	11	10	10	11	15	17
																																																											11	11	10	12	10	10	10	15	10	9	9	10	10	11	10	10	11	11	10	11	16	9	11	10	11	11	10	14	11	9	9	10	11	9	15	11	9	10	10	11	11
																																																												13	12	11	12	13	11	10	11	11	13	11	12	11	15	16	16	12	12	13	10	10	12	12	16	16	11	11	13	11	11	11	16	11	11	15	11	12	11	13	13
																																																													12	13	12	14	12	10	13	11	13	12	12	13	12	13	14	12	13	12	10	11	12	12	14	13	12	11	13	11	11	11	12	11	11	12	11	12	12	12	13
																																																														11	10	15	10	9	11	14	14	14	10	12	12	12	12	16	12	10	10	10	10	15	13	11	10	10	11	10	14	10	12	10	10	12	15	16	11	10	11
																																																															10	12	11	10	12	10	11	11	10	16	11	11	12	11	12	10	11	10	11	11	12	11	11	11	11	11	10	11	11	11	11	12	10	11	11	10	11
																																																																12	11	9	10	9	12	9	16	10	11	12	12	11	11	16	9	10	16	10	12	11	11	9	16	10	9	11	11	10	10	11	9	10	11	15	17
																																																																	11	9	12	14	16	14	12	13	12	13	13	15	13	12	10	10	12	15	14	12	11	10	13	11	14	11	12	11	10	12	14	15	13	12	13
																																																																		9	11	9	10	11	12	11	11	11	12	11	11	11	9	16	11	11	12	11	16	10	11	12	10	13	11	12	10	11	9	11	10	11	12
																																																																			9	9	8	9	9	9	9	9	10	10	9	10	15	8	10	9	11	10	9	15	10	8	9	9	10	8	15	10	9	9	9	10	10
																																																																				10	11	11	10	12	11	11	12	11	14	10	9	10	10	11	12	11	11	10	11	10	10	10	11	11	10	11	10	11	10	10	11
																																																																					13	13	9	11	11	11	11	14	12	9	9	8	9	15	13	10	9	9	10	9	16	9	11	9	9	11	16	14	10	9	10
																																																																						13	12	12	12	13	13	14	12	12	9	9	12	14	13	12	10	9	13	10	13	10	12	10	9	12	13	14	12	12	13
																																																																							10	12	11	11	12	14	11	9	10	10	9	15	12	11	11	10	10	10	14	10	11	10	10	11	13	15	10	9	10
																																																																								10	11	12	12	11	11	16	9	11	16	11	12	11	12	9	16	11	10	12	11	11	10	11	9	11	11	15	17
																																																																									11	11	12	12	12	10	11	10	10	12	12	11	11	10	11	10	11	10	11	10	10	11	11	12	10	10	11
																																																																										15	15	12	12	11	9	10	11	12	15	14	11	10	12	11	11	11	16	11	10	16	11	12	10	11	12
																																																																											16	12	12	12	9	10	12	12	16	15	11	10	13	11	11	11	15	11	10	15	11	12	11	12	13
																																																																												12	12	12	10	11	12	12	16	16	12	11	13	11	11	11	15	11	11	15	11	12	11	12	13
																																																																													12	11	11	10	11	15	13	11	11	11	12	10	14	11	12	10	11	12	14	16	12	11	12
																																																																														11	9	10	11	12	13	11	11	10	12	11	11	11	12	11	10	12	11	12	11	11	12
																																																																															10	10	16	10	12	12	11	10	16	10	9	11	12	10	11	11	9	10	11	16	17
																																																																																8	10	10	10	10	9	14	10	8	9	9	10	8	15	10	9	10	9	10	10
																																																																																	10	10	11	10	16	9	10	12	9	13	10	12	9	10	9	10	9	10	11
																																																																																		10	12	11	11	10	16	11	9	12	11	11	11	12	9	10	12	15	17
																																																																																			13	11	11	10	11	11	16	11	12	11	10	12	15	16	11	10	11
																																																																																				15	12	11	13	12	13	12	15	12	11	15	13	13	12	12	13
																																																																																					11	11	12	10	10	10	15	10	11	14	10	11	10	12	12
																																																																																						10	11	13	10	14	11	13	10	11	9	11	10	11	12
																																																																																							10	9	9	10	11	9	16	11	9	10	10	10	10
																																																																																								10	10	11	12	10	11	12	10	11	12	15	17
																																																																																									10	16	11	16	9	12	9	11	11	10	11
																																																																																										10	11	10	9	11	16	15	10	9	10
																																																																																											11	16	10	12	9	11	11	11	12
																																																																																												11	11	16	11	12	10	12	12
																																																																																													9	12	9	11	10	10	11
																																																																																														11	9	10	10	11	11
																																																																																															11	12	11	11	12
																																																																																																14	10	9	10
																																																																																																	11	10	11
																																																																																																		11	12
																																																																																																			16
