Deck Distance Score for: 
      Results/UntilAvg60Run/FROM_null_WITH_r4_c0 (Left side from top to bottom)
and   Results/UntilAvg60Run/FROM_r45_c0_WITH_r6_c0 (Top side from left to right)

Similarity: 29,54% (Score: 53176/180000) 

7	6	6	6	5	7	7	7	4	6	6	5	6	6	7	7	7	6	6	6	7	7	6	7	6	8	6	6	7	5	5	6	5	5	7	6	6	5	7	6	6	4	5	6	7	6	6	7	7	6	7	6	6	7	6	6	6	6	6	7	5	6	7	6	6	7	5	7	7	5	8	5	7	7	6	6	6	7	7	6	5	6	7	4	7	5	5	6	7	7	6	7	7	6	7	6	5	7	5	7
6	5	5	5	4	6	6	6	3	4	5	4	5	5	5	6	6	5	5	5	6	6	5	6	5	6	5	5	6	4	4	5	4	5	6	5	5	4	6	5	5	3	4	5	6	5	5	6	6	5	6	5	5	6	5	5	5	5	5	6	4	5	6	5	5	6	4	6	6	4	6	4	6	6	5	5	5	6	6	5	4	5	6	4	6	4	4	5	6	6	5	6	6	5	6	5	4	6	4	6
6	5	5	5	4	6	6	5	3	4	5	4	5	5	5	6	6	5	5	5	6	6	5	6	5	6	5	5	6	4	4	5	4	5	6	5	5	4	6	5	5	3	4	5	6	5	5	6	6	5	6	5	5	6	5	5	5	5	5	6	4	5	6	5	5	6	4	6	6	4	6	4	6	6	5	5	5	6	6	5	4	5	6	4	6	4	4	5	6	6	5	6	6	5	6	5	4	6	4	6
5	4	5	4	3	5	5	5	2	4	4	3	4	4	5	5	5	4	4	4	5	5	4	5	4	6	4	4	5	4	3	4	3	4	5	4	4	3	5	4	5	3	3	4	5	4	4	5	5	4	5	4	4	5	4	4	4	5	4	5	3	4	5	4	4	5	3	5	5	3	6	3	5	5	4	4	4	5	5	4	3	4	5	3	5	3	3	4	5	5	4	5	5	4	5	4	3	5	3	5
7	6	6	6	5	7	8	7	4	6	6	5	6	6	7	7	7	6	6	6	7	7	6	7	6	8	6	6	7	5	5	6	5	5	7	6	6	5	7	6	6	4	5	6	7	6	6	7	7	6	7	6	6	7	6	6	6	6	6	7	5	6	7	6	6	7	5	7	7	5	8	5	7	7	6	6	6	7	7	6	5	6	7	4	7	5	5	6	7	7	6	7	7	6	7	6	5	7	5	7
5	4	4	5	3	5	5	6	3	4	4	4	4	4	5	5	5	4	5	4	5	5	4	5	5	6	5	4	5	4	3	4	3	4	5	4	4	3	5	4	4	2	3	4	5	4	4	5	5	4	5	4	4	5	4	5	5	4	4	5	3	4	5	5	4	5	3	5	5	4	6	4	5	6	4	6	4	5	5	4	4	5	5	3	5	4	4	4	5	5	4	5	5	5	5	4	4	5	4	5
6	5	5	6	4	6	6	6	3	5	5	4	5	5	6	6	6	5	5	5	6	6	5	6	5	7	5	5	6	4	4	5	4	5	6	5	5	4	6	5	5	3	4	5	6	5	5	6	6	5	6	5	5	6	5	5	5	5	5	6	4	5	6	5	5	6	4	6	6	4	7	4	6	7	5	6	5	6	6	5	4	5	6	4	6	4	4	5	6	6	5	6	6	5	6	5	4	6	4	6
6	5	5	5	4	6	6	7	4	5	5	5	5	5	6	6	6	5	6	5	6	6	5	6	6	7	6	5	6	5	4	5	4	4	6	5	5	4	6	5	5	3	4	5	6	5	5	6	6	5	6	5	5	6	5	6	6	5	5	6	4	5	6	6	5	6	4	6	6	5	7	5	6	6	5	6	5	6	6	5	5	6	6	3	6	5	5	5	6	6	5	6	6	6	6	5	5	6	5	6
5	4	5	4	3	5	5	5	2	4	4	3	4	4	5	5	5	4	4	4	5	5	4	5	4	6	4	5	5	4	3	4	3	4	5	4	4	3	5	4	5	3	3	4	5	4	4	5	5	4	5	4	4	5	4	4	4	5	4	5	3	4	5	4	4	5	3	5	5	3	6	3	5	5	4	4	4	5	5	4	3	4	5	3	5	3	3	4	5	5	4	5	5	4	5	4	4	5	3	5
6	5	5	5	4	6	6	5	3	4	5	4	5	5	5	6	6	5	5	5	6	6	5	6	5	6	5	5	6	4	4	5	4	5	6	5	5	4	6	5	5	3	4	5	6	5	5	6	6	5	6	5	5	6	5	5	5	5	5	6	4	5	6	5	5	6	4	6	6	4	6	4	6	6	5	5	5	6	6	5	4	5	6	4	6	4	4	5	6	6	5	6	6	5	6	5	4	6	4	6
7	6	6	6	5	7	7	7	4	5	6	5	6	6	6	7	7	6	6	6	7	7	6	7	6	7	6	6	7	5	5	6	5	5	7	6	6	5	7	6	6	4	5	6	7	6	6	7	7	6	7	6	6	7	6	6	6	6	6	7	5	6	7	6	6	7	5	7	7	5	7	5	7	7	6	6	6	7	7	6	5	6	7	4	7	5	5	6	7	7	6	7	7	6	7	6	5	7	5	7
5	4	4	5	4	5	5	5	3	4	4	4	4	5	5	5	5	4	4	4	5	5	5	5	4	5	4	5	5	3	3	4	4	4	5	5	4	4	5	5	4	3	4	4	5	5	5	5	5	4	5	4	5	5	5	4	4	4	4	5	4	4	5	4	4	5	4	5	5	3	5	4	5	5	4	4	4	5	5	4	4	4	5	4	5	4	4	5	5	5	4	5	5	4	5	4	4	5	3	5
6	5	5	6	5	6	6	5	4	5	5	5	5	6	7	6	6	5	5	5	6	6	5	6	5	7	5	6	6	4	4	6	5	5	6	6	6	5	6	5	5	4	5	5	6	5	5	6	6	5	6	5	5	6	6	5	5	5	5	6	5	5	6	5	5	6	5	6	6	4	7	5	6	7	5	6	5	6	6	5	5	5	7	4	6	4	5	6	6	6	5	6	6	5	6	5	5	6	4	6
6	5	5	6	5	6	6	6	4	5	5	5	5	6	6	6	6	5	5	5	6	6	6	6	5	6	5	6	6	4	4	5	5	4	6	6	5	5	6	6	5	4	5	5	6	6	6	6	6	5	6	5	6	6	6	5	5	5	5	6	5	5	6	5	5	6	5	6	6	4	7	5	6	6	5	5	5	6	6	5	5	5	6	4	6	5	5	6	6	6	5	6	6	5	6	5	5	6	4	6
6	5	5	5	4	6	6	6	3	5	5	4	5	5	6	6	6	5	5	5	6	6	5	6	5	7	5	5	6	4	4	5	4	5	6	5	5	4	6	5	5	3	4	5	6	5	5	6	6	5	6	5	5	6	5	5	5	5	5	6	4	5	6	5	5	6	4	6	6	4	7	4	6	6	5	5	5	6	6	5	4	5	6	4	6	4	4	5	6	6	5	6	6	5	6	5	4	6	4	6
6	5	5	5	4	6	6	6	3	5	5	4	5	5	6	6	6	5	5	5	6	6	5	6	5	7	5	5	6	4	4	5	4	5	6	5	5	4	6	5	5	3	4	5	6	5	5	6	6	5	6	5	5	6	5	5	5	5	5	6	4	5	6	5	5	6	4	6	6	4	7	4	6	6	5	5	5	6	6	5	4	5	6	4	6	4	4	5	6	6	5	6	6	5	6	5	4	6	4	6
6	5	5	5	4	6	6	6	3	5	5	4	5	5	6	6	6	5	5	5	6	6	5	6	5	7	5	5	6	4	4	5	4	5	6	5	5	4	6	5	5	3	4	5	6	5	5	6	6	5	6	5	5	6	5	5	5	5	5	6	4	5	6	5	5	6	4	6	6	4	7	4	6	6	5	5	5	6	6	5	4	5	6	4	6	4	4	5	6	6	5	6	6	5	6	5	4	6	4	6
5	5	4	4	3	5	5	5	3	5	5	3	5	4	5	5	5	5	4	5	5	5	4	5	4	6	4	4	5	3	4	5	3	5	5	4	5	4	5	4	4	3	3	5	5	4	4	5	5	5	5	5	5	5	4	4	4	4	5	5	4	4	5	4	5	5	4	5	5	4	6	3	5	5	5	4	5	5	5	5	3	4	5	3	5	3	3	4	5	5	5	5	5	4	5	5	3	5	3	5
6	5	5	6	4	6	6	5	3	5	5	4	5	5	6	6	6	5	5	5	6	6	5	6	5	7	5	5	6	4	4	5	4	5	6	5	5	4	6	5	5	3	4	5	6	5	5	6	6	5	6	5	5	6	5	5	5	5	5	6	4	5	6	5	5	6	4	6	6	4	7	4	6	7	5	6	5	6	6	5	4	5	6	4	6	4	4	5	6	6	5	6	6	5	6	5	4	6	4	6
7	6	6	6	5	7	7	7	4	5	6	5	6	6	6	7	7	6	6	6	7	7	6	7	6	7	6	6	7	5	5	6	5	5	7	6	6	5	7	6	6	4	5	6	7	6	6	7	7	6	7	6	6	7	6	6	6	6	6	7	5	6	7	6	6	7	5	7	7	5	7	5	7	7	6	6	6	7	7	6	5	6	7	4	7	5	5	6	7	7	6	7	7	6	7	6	5	7	5	7
7	6	6	6	5	7	7	7	4	5	6	5	6	6	6	7	7	6	6	6	7	7	6	7	6	7	6	6	7	5	5	6	5	5	7	6	6	5	7	6	6	4	5	6	7	6	6	7	7	6	7	6	6	7	6	6	6	6	6	7	5	6	7	6	6	7	5	7	7	5	7	5	7	7	6	6	6	7	7	6	5	6	7	4	7	5	5	6	7	7	6	7	7	6	7	6	5	7	5	7
7	6	7	6	5	7	7	7	4	6	6	5	6	6	7	7	7	6	6	6	7	7	6	7	6	8	6	6	8	5	5	6	5	5	7	6	6	5	7	6	6	4	5	6	8	6	6	7	7	6	7	6	6	7	6	6	6	6	6	7	5	6	7	6	6	7	5	7	7	5	8	5	7	7	6	6	6	7	7	6	5	6	7	4	7	5	5	6	7	7	6	7	7	6	7	6	5	7	5	7
7	6	6	6	5	7	7	7	4	5	6	5	6	6	6	7	7	6	6	6	7	7	6	7	6	7	6	6	7	5	5	6	5	5	7	6	6	5	7	6	6	4	5	6	7	6	6	7	7	6	7	6	6	7	6	6	6	6	6	7	5	6	7	6	6	7	5	7	7	5	7	5	7	7	6	6	6	7	7	6	5	6	7	4	7	5	5	6	7	7	6	7	7	6	7	6	5	7	5	7
5	5	4	4	3	5	5	4	3	5	5	3	5	4	5	5	5	5	4	5	5	5	4	5	4	6	4	4	5	3	4	5	3	5	5	4	5	4	5	4	4	3	3	5	5	4	4	5	5	5	5	5	4	5	4	4	4	4	5	5	4	4	5	4	5	5	4	5	5	4	6	3	5	5	5	4	5	5	5	5	3	4	5	3	5	3	3	4	5	5	5	5	5	4	5	5	3	5	3	5
7	6	6	6	5	7	7	7	4	6	6	5	6	6	7	7	7	6	6	6	7	7	6	7	6	8	6	7	7	5	5	6	5	5	7	6	6	5	7	6	6	4	5	6	7	6	6	7	7	6	7	6	6	7	6	6	6	6	6	7	5	6	7	6	6	7	5	7	7	5	8	5	7	7	6	6	6	7	7	6	5	6	7	4	7	5	5	6	7	7	6	7	7	6	7	6	5	7	5	7
7	6	6	6	5	7	7	7	4	5	6	5	6	6	6	7	7	6	6	6	7	7	6	7	6	7	6	6	7	5	5	6	5	5	7	6	6	5	7	6	6	4	5	6	7	6	6	7	7	6	7	6	6	7	6	6	6	6	6	7	5	6	7	6	6	7	5	7	7	5	8	5	7	7	6	6	6	7	7	6	5	6	7	4	7	5	5	6	7	7	6	7	7	6	7	6	5	7	5	7
7	6	6	6	5	7	7	6	4	5	6	5	6	6	6	7	7	6	6	6	7	7	6	7	6	7	6	6	7	5	5	6	5	5	7	6	6	5	7	6	6	4	5	6	7	6	6	7	7	6	7	6	6	7	6	6	6	6	6	7	5	6	7	6	6	7	5	7	7	5	7	5	7	7	6	6	6	7	7	6	5	6	7	4	7	5	5	6	7	7	6	7	7	6	7	6	5	7	5	7
6	5	5	5	4	6	6	6	3	4	5	4	5	5	5	6	6	5	5	5	6	6	5	6	5	6	5	5	6	4	4	5	4	5	6	5	5	4	6	5	5	3	4	5	6	5	5	6	6	5	6	5	5	6	5	5	5	5	5	6	4	5	6	5	5	6	4	6	6	4	6	4	6	6	5	5	5	6	6	5	4	5	6	4	6	4	4	5	6	6	5	6	6	5	6	5	4	6	4	6
7	6	6	6	5	7	7	7	4	6	6	5	6	6	7	7	7	6	6	6	7	7	6	7	6	8	6	6	7	5	5	6	5	5	7	6	6	5	7	6	6	4	5	6	7	6	6	7	7	6	7	6	6	7	6	6	6	6	6	7	5	6	7	6	6	7	5	7	7	5	8	5	7	7	6	6	6	7	7	6	5	6	7	4	7	5	5	6	7	7	6	7	7	6	7	6	5	7	5	7
6	5	5	5	4	6	6	6	3	5	5	4	5	5	6	6	6	5	5	5	6	6	5	7	5	7	5	5	6	4	4	6	4	5	6	5	5	4	6	5	5	3	4	5	6	5	5	6	6	5	6	5	5	6	5	5	5	5	5	6	4	5	6	5	5	6	4	6	6	4	7	4	6	6	5	5	5	6	6	5	4	5	6	4	6	4	4	5	6	6	5	6	6	5	6	5	4	6	4	6
6	5	5	6	5	6	6	5	4	5	5	5	5	6	7	6	6	5	5	5	6	6	5	6	5	7	5	6	6	4	4	6	5	5	6	6	5	5	6	5	5	4	5	5	6	5	5	6	6	5	6	5	5	6	6	5	5	5	5	6	5	5	6	5	5	6	5	6	6	4	7	5	6	7	5	6	5	6	6	5	5	5	7	4	6	4	5	6	6	6	5	6	6	5	6	5	5	6	4	6
6	5	5	5	4	6	6	6	3	5	5	4	5	5	6	6	6	5	5	5	6	6	5	6	5	7	5	5	6	4	4	5	4	5	6	5	5	4	6	5	5	3	4	5	6	5	5	6	6	5	6	5	5	6	5	5	5	5	5	6	4	5	6	5	5	6	4	6	6	4	7	4	6	6	5	5	5	6	6	5	4	5	6	4	6	4	4	5	6	6	5	6	6	5	6	5	4	6	4	6
7	6	6	6	5	7	7	7	4	6	6	5	6	6	7	7	7	6	6	6	7	7	6	7	6	8	6	6	7	5	5	6	5	5	7	6	6	5	7	6	6	4	5	6	7	6	6	7	7	6	7	6	6	7	6	6	6	6	6	7	5	6	7	6	6	7	5	7	7	5	8	5	7	7	6	6	6	7	7	6	6	6	7	4	7	5	5	6	7	7	6	7	7	6	7	6	5	7	5	7
6	5	5	6	4	6	6	6	3	4	5	4	5	5	5	6	6	5	5	5	6	6	5	6	5	6	5	6	6	4	4	5	4	5	6	5	5	4	6	5	5	3	4	5	6	5	5	6	6	5	6	5	5	6	5	5	5	5	5	6	4	5	6	5	5	6	4	6	6	4	6	4	6	7	5	6	5	6	6	5	4	5	6	4	6	4	4	5	6	6	5	6	6	5	6	5	5	6	4	6
6	5	5	6	5	6	6	5	4	5	5	5	5	6	7	6	6	5	5	5	6	6	5	6	5	7	5	6	6	4	4	6	5	5	6	6	5	5	6	5	5	4	5	5	6	5	5	6	6	5	6	5	5	6	6	5	5	5	5	6	5	5	6	5	5	6	5	6	6	4	7	5	6	7	5	6	5	6	6	5	5	5	7	4	6	4	5	6	6	6	5	6	6	5	6	5	5	6	4	6
6	5	5	5	4	6	6	6	3	4	5	4	5	5	5	6	6	5	5	5	6	6	5	6	5	6	5	5	6	4	4	5	4	5	6	5	5	4	6	5	5	3	4	5	6	5	5	6	6	5	6	5	5	6	5	5	5	5	5	6	4	5	6	5	5	6	4	6	6	4	6	4	6	6	5	5	5	6	6	5	4	5	6	4	6	4	4	5	6	6	5	6	6	5	6	5	4	6	4	6
5	4	4	4	4	5	5	5	2	4	4	3	4	4	5	5	5	4	4	4	5	5	4	5	4	6	4	4	5	3	3	4	4	4	5	4	4	3	5	4	4	2	3	4	5	4	4	5	5	4	5	4	4	5	4	4	4	4	4	5	3	4	5	4	4	5	3	5	5	3	6	3	5	5	4	4	4	5	5	4	3	4	5	4	5	3	3	4	5	5	4	5	5	4	5	4	3	5	3	5
6	5	5	6	5	6	6	5	4	5	5	5	5	6	7	6	6	5	5	5	6	6	5	6	5	7	5	6	6	4	4	6	5	5	6	6	5	5	6	5	5	4	5	5	6	5	5	6	6	5	6	5	5	6	6	5	5	5	5	6	5	5	6	5	5	6	5	6	6	4	7	5	6	7	5	6	5	6	6	5	5	5	7	4	6	4	5	6	6	6	5	6	6	5	6	5	5	6	4	6
6	5	5	6	5	6	6	5	4	5	5	5	5	6	7	6	6	5	5	5	6	6	5	6	5	7	5	6	6	4	4	6	5	5	6	6	5	5	6	5	5	4	5	5	6	5	5	6	6	5	6	5	5	6	6	5	5	5	5	6	5	5	6	5	5	6	5	6	6	4	7	5	6	7	5	6	5	6	6	5	5	5	7	4	6	4	5	6	6	6	5	6	6	5	6	5	5	6	4	6
6	5	5	5	4	6	6	5	3	5	5	4	5	5	6	6	6	5	5	5	7	6	5	6	5	7	5	5	6	4	4	5	4	5	6	5	5	4	6	5	5	3	4	5	6	5	5	6	6	5	6	5	6	6	5	5	5	5	5	7	4	5	7	5	5	6	4	6	6	4	7	4	6	6	5	5	5	6	6	5	4	5	6	4	6	4	4	5	6	6	6	6	6	5	6	5	4	6	4	6
6	5	5	5	4	6	6	6	3	5	5	4	5	5	6	6	6	5	5	5	6	6	5	6	5	7	5	5	6	4	4	5	4	5	6	5	5	4	6	5	5	3	4	5	6	5	5	6	6	5	6	5	5	6	5	5	5	5	5	6	4	5	6	5	5	6	4	6	6	4	7	4	6	6	5	5	5	6	6	5	4	5	6	4	6	4	4	5	6	6	5	6	6	5	6	5	4	6	4	6
6	5	5	5	4	6	6	6	3	5	5	4	5	5	6	6	6	5	5	5	6	6	5	6	5	7	5	5	6	4	4	5	4	5	6	5	5	4	6	5	5	3	4	5	6	5	5	6	6	5	6	5	5	6	5	5	5	5	5	6	4	5	6	5	5	6	4	6	6	4	7	4	6	6	5	5	5	6	6	5	4	5	6	4	6	4	4	5	6	6	5	6	6	5	6	5	4	6	4	6
6	5	5	5	4	6	6	6	3	5	5	4	5	5	6	6	6	5	5	5	6	6	5	6	5	7	5	5	6	4	4	5	4	5	6	5	5	4	6	5	5	3	4	5	6	5	5	6	6	5	6	5	5	6	5	5	5	5	5	6	4	5	6	5	5	6	4	6	6	4	7	4	6	6	5	5	5	6	6	5	4	5	6	4	6	4	4	5	6	6	5	6	6	5	6	5	4	6	4	6
6	5	5	5	4	6	6	6	3	4	5	4	5	5	5	6	6	5	5	5	6	6	5	6	5	6	5	5	6	4	4	5	4	5	6	5	5	4	6	5	5	3	4	5	6	5	5	6	6	5	6	5	5	6	5	5	5	5	5	6	4	5	6	5	5	6	4	6	6	4	6	4	6	6	5	5	5	6	6	5	4	5	6	4	6	4	4	5	6	6	5	6	6	5	6	5	4	6	4	6
6	5	5	5	4	6	6	6	3	4	5	4	5	5	5	6	6	5	5	5	6	6	5	6	5	6	5	5	6	4	4	5	4	5	6	5	5	4	6	5	5	3	4	5	6	5	5	6	6	5	6	5	5	6	5	5	5	5	5	6	4	5	6	5	5	6	4	6	6	4	6	4	6	6	5	5	5	6	6	5	4	5	6	4	6	4	4	5	6	6	5	6	6	5	6	5	4	6	4	6
6	5	5	5	4	6	6	6	3	5	5	4	5	5	6	6	6	5	5	5	6	6	5	6	5	7	5	5	6	4	4	5	4	5	6	6	5	4	6	5	5	3	4	5	6	5	5	6	6	5	6	5	5	6	5	5	5	5	5	6	4	5	6	5	5	6	4	6	6	4	7	4	6	6	5	5	5	6	6	5	4	5	6	4	6	4	4	5	6	6	5	6	6	5	6	5	4	6	4	6
5	4	4	5	4	5	5	5	3	5	4	4	4	5	6	5	5	4	4	4	5	5	5	5	4	6	4	5	5	3	3	4	4	4	5	5	4	4	5	5	4	3	4	4	5	5	5	5	5	4	5	4	5	5	5	4	4	4	4	5	4	4	5	4	4	5	4	5	5	3	6	4	5	5	4	4	4	5	5	4	4	4	5	4	5	4	4	5	5	5	4	5	5	4	5	4	4	5	3	5
7	6	6	7	5	7	7	7	4	6	6	5	6	6	7	7	7	6	6	6	7	7	6	7	6	8	6	6	7	5	5	6	5	5	7	6	6	5	7	6	6	4	5	6	7	6	6	7	7	6	7	6	6	7	6	6	6	6	6	7	5	6	7	6	6	7	5	7	7	5	8	5	7	7	6	6	6	7	7	6	5	6	7	4	7	5	5	6	7	7	6	7	7	6	7	6	5	7	5	7
6	6	5	5	4	6	6	6	4	6	6	4	6	5	6	6	6	6	5	6	6	6	5	6	5	7	5	5	6	4	5	6	4	5	6	5	6	5	6	5	5	4	4	6	6	5	5	6	6	6	6	6	5	6	5	5	5	5	6	6	5	5	6	5	6	6	5	6	6	5	7	4	6	6	6	5	6	6	6	6	4	5	6	3	6	4	4	5	6	6	6	6	6	5	6	6	4	6	4	6
7	6	6	6	5	7	7	7	4	5	6	5	6	6	6	7	7	6	6	6	7	7	6	7	6	7	6	6	7	5	5	6	5	5	7	6	6	5	7	6	6	4	5	6	7	6	6	7	7	6	7	6	6	7	6	6	6	6	6	7	5	6	7	6	6	7	5	7	7	5	7	5	7	7	6	6	6	7	7	6	5	6	7	4	7	5	5	6	7	7	6	7	7	6	7	6	5	7	5	7
7	6	6	6	5	7	7	7	4	5	6	5	6	6	6	7	7	6	6	6	7	7	6	7	6	7	6	6	7	5	5	6	5	5	7	6	6	5	7	6	6	4	5	6	7	6	6	7	7	6	7	6	6	7	6	6	6	6	6	7	5	6	7	6	6	7	5	7	7	5	7	5	7	7	6	6	6	7	7	6	5	6	7	4	8	5	5	6	7	7	6	8	7	6	7	6	5	7	5	7
7	6	6	6	5	7	7	7	4	5	6	5	6	6	6	7	7	6	6	6	7	7	6	7	6	7	6	6	7	5	5	6	5	5	7	6	6	5	7	6	6	4	5	6	7	6	6	7	7	6	7	6	6	7	6	6	6	6	6	7	5	6	7	6	6	7	5	7	7	5	7	5	7	7	6	6	6	7	7	6	5	6	7	4	7	5	5	6	7	7	6	7	7	6	7	6	5	7	5	7
6	5	5	6	4	6	6	6	3	5	5	4	5	5	6	6	6	5	5	5	6	6	5	6	5	7	5	5	6	4	4	5	4	5	6	5	5	5	6	5	5	3	4	5	6	5	5	6	6	5	6	5	5	6	5	5	5	5	5	6	4	5	6	5	5	6	4	6	6	4	7	4	6	7	5	6	5	6	6	5	4	5	6	4	6	4	4	5	6	6	5	6	6	5	6	5	4	6	4	6
7	6	6	6	5	7	7	7	4	6	6	5	6	6	7	7	7	6	6	6	7	7	6	7	6	8	6	6	7	5	5	6	5	5	7	6	6	5	7	6	6	4	5	6	7	6	6	7	7	6	7	6	6	7	6	6	6	6	6	7	5	6	7	6	6	7	5	7	7	5	8	5	7	7	6	6	6	7	7	6	5	6	7	4	7	5	5	6	7	7	6	7	7	6	7	6	5	7	5	7
6	5	5	5	4	6	6	6	3	5	5	4	5	5	6	6	6	5	5	5	6	6	5	6	5	7	5	5	6	4	4	5	4	5	6	5	5	4	6	5	5	3	4	5	6	5	5	6	6	5	6	5	5	6	5	5	5	5	5	6	4	5	6	5	5	6	4	6	6	4	7	4	6	6	5	5	5	6	6	5	4	5	6	4	6	4	4	5	6	6	5	6	6	5	6	5	4	6	4	6
5	4	4	5	3	5	5	6	3	4	4	4	4	4	5	5	5	4	5	4	5	5	4	5	5	6	5	4	5	4	3	4	3	4	5	4	4	3	5	4	4	2	3	4	5	4	4	5	5	4	5	4	4	5	4	5	5	4	4	5	3	4	5	5	4	5	3	5	5	4	6	4	5	6	4	6	4	5	5	4	4	5	5	3	5	4	4	4	5	5	4	5	5	5	5	4	4	5	4	5
6	5	5	6	5	6	6	5	4	4	5	5	5	6	6	6	6	5	5	5	6	6	5	6	5	6	5	6	6	4	4	6	5	5	6	6	5	5	6	5	5	4	5	5	6	5	5	6	6	5	6	5	5	6	6	5	5	5	5	6	5	5	6	5	5	6	5	6	6	4	6	5	6	7	5	6	5	6	6	5	5	5	7	4	6	4	5	6	6	6	5	6	6	5	6	5	5	6	4	6
7	6	6	6	5	7	7	7	4	6	6	5	6	6	7	7	7	6	6	6	7	7	6	7	6	8	6	6	7	5	5	6	5	5	7	6	6	5	7	6	6	4	5	6	7	6	6	7	7	6	7	6	6	7	6	6	6	6	6	7	5	6	7	6	6	7	5	7	7	5	8	5	7	7	6	6	6	7	7	6	5	6	7	4	7	5	5	6	7	7	6	7	7	6	7	6	5	7	5	7
6	5	5	5	4	6	6	6	3	4	5	4	5	5	5	6	6	5	5	5	6	6	5	6	5	6	5	5	6	4	4	5	4	5	6	5	5	4	6	5	5	3	4	5	6	5	5	6	6	5	6	5	5	6	5	5	5	5	5	6	4	5	6	5	5	6	4	6	6	4	6	4	6	6	5	5	5	6	6	5	4	5	6	4	6	4	4	5	6	6	5	6	6	5	6	5	4	6	4	6
6	5	5	5	4	6	6	6	3	5	5	4	5	5	6	7	6	5	5	6	6	6	5	6	5	7	5	5	6	4	4	5	4	5	6	5	5	4	6	5	5	3	4	5	6	5	6	6	6	5	6	6	5	6	5	5	5	5	5	6	4	5	6	6	5	6	4	6	6	4	7	4	6	6	5	5	5	6	6	5	4	5	6	4	6	4	4	5	7	6	5	6	6	5	6	5	4	6	4	6
5	4	4	5	3	5	5	6	3	4	4	4	4	4	5	5	5	4	5	4	5	5	4	5	5	6	5	4	5	4	3	4	3	4	5	4	4	3	5	4	4	2	3	4	5	4	4	5	5	4	5	4	4	5	4	5	5	4	4	5	3	4	5	5	4	5	3	5	5	4	6	4	5	6	4	6	4	5	5	4	4	5	5	3	5	4	4	4	5	5	4	5	5	5	5	4	4	5	4	5
5	4	4	5	4	5	5	5	2	4	4	3	4	4	5	5	5	4	4	4	5	5	4	5	4	6	4	5	5	3	3	4	4	4	5	4	4	3	5	4	4	2	3	4	5	4	4	5	5	4	5	4	4	5	4	4	4	4	4	5	3	4	5	4	4	5	3	5	5	3	6	3	5	6	4	5	4	5	5	4	3	4	5	4	5	3	3	4	5	5	4	5	5	4	5	4	4	5	3	5
6	5	5	5	4	6	6	5	3	5	5	4	5	5	6	6	6	5	5	5	6	6	5	6	5	7	5	5	6	4	4	5	4	5	6	5	5	4	6	5	5	3	4	5	6	5	5	6	6	5	6	5	5	6	5	5	5	5	5	6	4	5	6	5	5	6	4	6	6	4	7	4	6	6	5	5	5	6	6	5	4	5	6	4	6	4	4	5	6	6	5	6	6	5	6	5	4	6	4	6
6	5	5	6	4	6	6	6	3	5	5	4	5	5	6	6	6	5	5	5	6	6	5	6	5	7	5	6	6	4	4	5	4	5	6	5	5	4	6	5	5	3	4	5	6	5	5	6	6	5	6	5	5	6	5	5	5	5	5	6	4	5	6	5	5	6	4	6	6	4	7	4	6	7	5	6	5	6	6	5	4	5	6	4	6	4	4	5	6	6	5	6	6	5	6	5	5	6	4	6
6	5	5	5	4	6	6	5	3	4	5	4	5	5	5	6	6	5	5	5	6	6	5	6	5	6	5	5	6	4	4	5	4	5	6	5	5	4	6	5	5	3	4	5	6	5	5	6	6	5	6	5	5	6	5	5	5	5	5	6	4	5	6	5	5	6	4	6	6	4	6	4	6	6	5	5	5	6	6	5	4	5	6	4	6	4	4	5	6	6	5	6	6	5	6	5	4	6	4	6
6	5	5	5	4	6	6	7	4	5	5	5	5	5	6	6	6	5	6	5	6	6	5	6	6	7	6	5	6	5	4	5	4	4	6	5	5	4	6	5	5	3	4	5	6	5	5	6	6	5	6	5	5	6	5	6	6	5	5	6	4	5	6	6	5	6	4	6	6	5	7	5	6	6	5	6	5	6	6	5	5	6	6	3	6	5	5	5	6	6	5	6	6	6	6	5	5	6	5	6
7	6	6	6	5	7	7	7	4	6	6	5	6	6	7	7	7	6	6	6	7	7	6	7	6	8	6	6	7	5	5	6	5	5	7	6	6	5	7	6	6	4	5	6	7	6	6	7	7	6	7	6	6	7	6	6	6	6	6	7	5	6	7	6	6	7	5	7	7	5	8	5	7	7	6	6	6	7	7	6	5	6	7	4	7	5	5	6	7	7	6	7	7	6	7	6	5	7	5	7
6	6	5	5	4	6	6	6	4	5	6	4	6	5	5	6	6	6	5	6	6	6	5	6	5	6	5	5	6	4	5	6	4	5	6	5	6	5	6	5	5	4	4	6	6	5	5	6	6	6	6	6	5	6	5	5	5	5	6	6	5	5	6	5	6	6	5	6	6	5	6	4	6	6	6	5	6	6	6	6	4	5	6	3	6	4	4	5	6	6	6	6	6	5	6	6	4	6	4	6
6	5	5	5	4	6	6	6	3	5	5	4	5	5	6	6	6	5	5	5	6	6	5	6	5	7	5	5	6	4	4	5	4	5	6	5	5	4	6	5	5	3	4	5	6	5	5	6	6	5	6	5	5	6	5	5	5	5	5	6	4	5	6	5	5	6	4	6	6	4	7	4	6	6	5	5	5	6	6	5	4	5	6	4	6	4	4	5	6	6	5	6	6	5	6	5	4	6	4	6
7	6	6	6	5	7	7	7	4	6	6	5	6	6	7	7	7	6	6	6	7	7	6	7	6	8	6	6	7	5	5	6	5	5	7	6	6	5	7	6	6	4	5	6	7	6	6	7	7	6	7	6	6	7	6	6	6	6	6	7	5	6	7	6	6	7	5	7	7	5	8	5	7	7	6	6	6	7	7	6	5	6	7	4	7	5	5	6	7	7	6	7	7	6	7	6	5	7	5	7
6	5	5	5	5	6	6	6	3	5	5	4	5	5	6	6	6	5	5	5	6	6	5	6	5	7	5	5	6	4	4	5	5	4	6	5	5	4	6	5	5	3	4	5	6	5	5	6	6	5	6	5	5	6	5	5	5	5	5	6	4	5	6	5	6	6	4	6	6	4	7	4	6	6	5	5	5	6	6	5	4	5	6	4	6	4	4	5	6	6	5	6	6	5	6	5	4	6	4	6
6	5	5	6	4	6	6	6	3	5	5	4	5	5	6	6	6	5	5	5	6	6	5	6	5	7	5	6	6	4	4	5	4	5	6	5	5	4	6	5	5	3	4	5	6	5	5	6	6	5	6	5	5	6	5	5	5	5	5	6	4	5	6	5	5	6	4	6	6	4	7	4	6	7	5	6	5	6	6	5	4	5	6	4	6	4	4	5	6	6	5	6	6	5	6	5	5	6	4	6
7	6	6	6	5	7	7	7	4	5	6	5	6	6	6	7	7	6	6	6	7	7	6	7	6	7	6	6	7	5	5	6	5	5	7	6	6	5	7	6	6	4	5	6	7	6	6	7	7	6	7	6	6	7	6	6	6	6	6	7	5	6	7	6	6	7	5	7	7	5	7	5	7	7	6	6	6	7	7	6	5	6	7	4	7	5	5	6	7	7	6	7	7	6	7	6	5	7	5	7
6	5	5	5	5	6	6	6	3	4	5	4	5	6	6	6	6	5	5	5	6	6	5	6	5	6	5	6	6	4	4	5	5	5	6	5	5	4	6	5	5	3	4	5	6	6	5	6	6	5	6	5	5	6	5	5	5	5	5	6	4	5	6	5	5	6	4	6	6	4	6	4	6	6	5	5	5	6	6	5	4	5	6	4	6	5	4	5	6	6	5	6	6	5	6	5	5	6	4	6
6	5	5	6	5	6	6	5	4	5	5	5	5	6	7	6	6	5	5	5	6	6	5	6	5	7	5	6	6	4	4	6	5	5	6	6	5	5	6	5	5	4	5	5	6	5	5	6	6	5	6	5	5	6	6	5	5	5	5	6	5	5	6	5	5	6	5	6	6	4	7	5	6	7	5	6	5	6	6	5	5	5	7	4	6	4	5	6	6	6	5	6	6	5	6	5	5	6	4	6
7	6	6	6	5	7	7	7	4	5	6	5	6	6	6	7	7	6	6	6	7	7	6	7	6	7	6	6	7	5	5	6	5	5	7	6	6	5	7	6	6	4	5	6	7	6	6	7	7	6	7	6	6	7	6	6	6	6	6	7	5	6	7	6	6	7	5	7	7	5	7	5	7	7	6	6	6	7	7	6	5	6	7	4	7	5	5	6	7	7	6	7	7	6	7	6	5	7	5	7
6	6	5	5	4	6	6	6	4	6	6	4	6	5	6	6	6	6	5	6	6	6	5	6	5	7	5	5	6	4	5	6	4	5	6	5	6	5	6	5	5	4	4	6	6	5	5	6	6	6	6	6	5	6	5	5	5	5	6	6	5	5	6	5	6	6	5	6	6	5	7	4	6	6	6	5	6	6	6	6	4	5	6	3	6	4	4	5	6	6	6	6	6	5	6	6	4	6	4	6
6	5	5	5	4	6	6	6	3	4	5	4	5	5	5	6	6	5	5	5	6	6	5	6	5	6	5	5	6	4	4	6	4	5	6	5	5	4	6	5	5	3	4	5	6	5	5	6	6	5	6	5	5	6	5	5	5	5	5	6	4	5	6	5	5	6	4	6	6	4	6	4	6	6	5	5	5	6	6	5	4	5	6	4	6	4	4	5	6	6	5	6	6	5	6	5	4	6	4	6
5	4	4	4	4	5	5	5	2	3	4	3	4	4	4	5	5	4	4	4	5	5	4	5	4	5	4	4	5	3	3	4	4	4	5	4	4	3	5	4	4	2	3	4	5	4	4	5	5	4	5	4	4	5	4	4	4	4	4	5	3	4	5	4	4	5	3	5	5	3	5	3	5	5	4	4	4	5	5	4	3	4	5	4	5	3	3	4	5	5	4	5	5	4	5	4	3	5	3	5
6	5	5	6	5	6	6	5	4	5	5	5	5	6	7	6	6	5	5	5	6	6	5	6	5	7	5	6	6	4	4	5	5	5	6	6	5	5	6	5	5	4	5	5	6	5	5	6	6	5	6	5	5	6	6	5	5	5	5	6	5	5	6	5	5	6	5	6	6	4	7	5	6	7	5	6	5	6	6	5	5	5	6	4	6	4	5	6	6	6	5	6	6	5	6	5	5	6	4	6
6	5	5	5	4	6	6	6	3	5	5	4	5	5	6	6	6	5	5	5	6	6	5	6	5	7	5	6	6	4	4	5	4	5	6	5	5	4	6	5	5	3	4	5	6	5	5	6	6	5	6	5	5	6	5	5	5	5	5	6	4	5	6	5	5	6	4	6	6	4	7	4	6	6	5	5	5	6	6	5	4	5	6	4	6	4	4	5	6	6	5	6	6	5	6	5	5	6	4	6
6	5	5	5	4	6	6	6	3	5	5	4	5	5	6	6	6	5	5	5	6	6	5	6	5	7	5	5	6	4	4	5	4	5	6	5	5	4	6	5	5	3	4	5	6	5	5	6	6	5	6	5	5	6	5	5	5	5	5	6	4	5	6	5	5	6	4	6	6	4	7	4	6	6	5	5	5	6	6	5	4	5	6	4	6	4	4	5	6	6	5	6	6	5	6	5	4	6	4	6
7	6	6	6	5	7	7	7	4	5	6	5	6	6	6	7	7	6	6	6	7	7	6	7	6	7	6	6	7	5	5	6	5	5	7	6	6	5	7	6	6	4	5	6	7	6	6	7	7	6	7	6	6	7	6	6	6	6	6	7	5	6	7	6	6	7	5	7	7	5	7	5	7	7	6	6	6	7	7	7	5	6	7	4	7	5	5	6	7	7	6	7	7	6	7	6	5	7	5	7
6	5	5	5	4	6	6	6	3	5	5	4	5	5	6	6	6	5	5	5	6	6	5	6	5	7	5	5	6	4	4	5	4	5	6	5	5	4	6	5	5	3	4	5	6	5	5	6	6	5	6	5	5	6	5	5	5	5	5	6	4	5	6	5	5	6	4	6	6	4	7	4	6	6	5	5	5	6	6	5	4	5	6	4	6	4	4	5	6	6	5	6	6	5	6	5	4	6	4	6
6	5	5	5	4	6	6	6	3	4	5	4	5	5	5	6	6	5	5	5	6	6	5	6	6	6	5	5	6	4	4	5	4	5	6	5	5	4	6	5	5	3	4	5	6	5	5	6	6	5	6	5	5	6	5	5	5	5	5	6	4	5	6	5	5	6	4	6	6	4	6	4	6	6	5	5	5	6	6	5	4	5	7	4	6	4	4	5	6	6	5	6	6	5	6	5	4	6	4	6
6	5	5	5	4	6	6	5	3	5	5	4	5	5	6	6	6	5	5	5	6	6	5	6	5	7	5	5	6	4	4	5	4	5	6	5	5	4	6	5	5	3	4	5	6	5	5	6	6	5	6	5	5	6	5	5	5	5	5	6	4	5	6	5	5	6	4	6	6	4	7	4	6	6	5	5	5	6	6	5	4	5	6	4	6	4	4	5	6	6	5	6	6	5	6	5	4	6	4	6
6	5	5	6	5	6	6	6	4	5	5	5	5	6	6	6	6	5	5	5	6	6	6	6	5	6	5	6	6	4	4	5	5	4	6	6	5	5	6	6	5	4	5	5	6	6	6	6	6	5	6	5	6	6	6	5	5	5	5	6	5	5	6	5	5	6	5	6	6	4	6	5	6	6	5	5	5	6	6	5	5	5	6	4	6	5	5	6	6	6	5	6	6	5	6	5	5	6	4	6
5	4	4	4	3	5	5	6	3	4	4	4	4	4	5	5	5	4	5	4	5	5	4	5	5	6	5	4	5	4	4	4	4	5	5	4	4	3	5	4	4	2	3	4	5	4	4	5	5	4	5	4	4	5	4	5	5	4	4	5	3	4	5	5	4	5	3	5	5	4	6	4	5	5	4	5	5	5	5	4	4	5	5	3	5	4	4	4	6	5	4	5	5	5	5	4	4	5	4	5
5	4	4	5	4	5	5	5	4	4	4	5	4	5	6	5	5	4	5	4	5	5	4	5	5	6	5	5	5	4	3	5	4	4	5	5	4	4	5	4	4	3	4	4	5	4	4	5	5	4	5	4	4	5	5	5	5	4	4	5	4	4	5	5	4	5	4	5	5	4	6	5	5	6	4	6	4	5	5	4	5	5	6	3	5	4	5	5	5	5	4	5	5	5	5	4	5	5	4	5
6	5	5	5	5	6	6	6	3	5	5	4	5	5	6	6	6	5	5	5	6	6	5	6	5	7	5	5	6	4	4	5	5	4	6	5	5	4	6	5	5	3	4	5	6	5	5	6	6	5	6	5	5	6	5	5	5	5	5	6	4	5	6	5	5	6	4	6	6	4	7	4	6	6	5	5	5	6	6	5	4	5	6	4	6	4	4	5	6	6	5	6	6	5	6	5	4	6	4	6
6	5	5	5	4	6	6	5	3	5	5	4	5	5	6	6	6	5	5	5	6	6	5	6	5	7	5	5	6	4	4	5	4	5	6	5	5	4	6	5	5	3	4	5	6	5	5	6	6	5	6	5	5	6	5	5	5	5	5	6	4	5	6	5	5	6	4	6	6	4	7	4	6	6	5	5	5	6	6	5	4	5	6	4	6	4	4	5	6	6	5	6	6	5	6	5	4	6	4	6
6	5	5	6	5	6	6	5	4	5	5	5	5	6	7	6	6	5	5	5	6	6	5	6	5	7	5	6	6	4	4	5	5	5	6	6	5	5	6	5	5	4	5	5	6	5	5	6	6	5	6	5	5	6	6	5	5	5	5	6	5	5	6	5	5	6	5	6	6	4	7	5	6	7	5	6	5	6	6	5	5	5	6	4	6	4	5	6	6	6	5	6	6	5	6	5	5	6	4	6
6	6	5	5	4	6	6	6	4	5	6	4	6	5	5	6	6	6	5	6	6	6	5	6	5	6	5	5	6	4	5	6	4	5	6	5	6	5	6	5	5	4	4	6	6	5	5	6	6	6	6	6	5	6	5	5	5	5	6	6	5	5	6	5	6	6	5	6	6	5	6	4	6	6	6	5	6	6	6	6	4	5	6	3	6	4	4	5	6	6	6	6	6	5	6	6	4	6	4	6
6	5	5	5	4	6	6	6	3	5	5	4	5	5	6	6	6	5	5	5	6	6	5	6	5	8	5	5	6	4	4	5	4	5	6	5	5	4	6	5	5	3	4	5	6	5	5	6	6	5	6	5	5	6	5	5	5	5	5	6	4	5	6	5	5	6	4	6	6	4	7	4	6	6	5	5	5	6	6	5	4	5	6	4	6	4	4	5	6	6	5	6	6	5	6	5	4	6	4	6
6	5	5	5	4	6	6	5	3	5	5	4	5	5	6	6	6	5	5	5	6	6	5	6	5	7	5	5	6	4	4	5	4	5	6	5	5	4	6	5	5	3	4	5	6	5	5	6	6	5	6	5	5	6	5	5	5	5	5	6	4	5	6	5	5	6	4	6	6	4	7	4	6	6	5	5	5	6	6	5	4	5	6	4	6	4	4	5	6	6	5	6	6	5	6	5	4	6	4	6
5	4	5	4	3	5	5	4	2	4	4	3	4	4	5	5	5	4	4	4	5	5	4	5	4	6	4	4	5	4	3	4	3	4	5	4	4	3	5	4	5	3	3	4	5	4	4	5	5	4	5	4	4	5	4	4	4	5	4	5	3	4	5	4	4	5	3	5	5	3	6	3	5	5	4	4	4	5	5	4	3	4	5	3	5	3	3	4	5	5	4	5	5	4	5	4	3	5	3	5
6	5	5	5	4	6	6	6	3	5	5	4	5	5	6	6	6	5	5	5	6	6	5	6	5	7	5	5	6	4	4	6	4	5	6	5	5	4	6	5	5	3	4	5	6	5	5	6	6	5	6	5	5	6	5	5	5	5	5	6	4	5	6	5	5	6	4	6	6	4	7	4	6	6	5	5	5	6	6	5	4	5	6	4	6	4	4	5	6	6	5	6	6	5	6	5	4	6	4	6
5	4	4	4	4	5	5	5	2	4	4	3	4	4	5	5	5	4	4	4	5	5	4	5	4	6	4	4	5	3	3	4	4	4	5	4	4	3	5	4	4	2	3	4	5	4	4	5	5	4	5	4	4	5	4	4	4	4	4	5	3	4	5	4	4	5	3	5	5	3	6	3	5	5	4	4	4	5	5	4	3	4	5	4	5	3	3	4	5	5	4	5	5	4	5	4	3	5	3	5
6	5	5	5	4	6	6	6	3	4	5	4	5	5	5	6	6	5	5	5	7	6	5	6	5	6	5	5	6	4	4	5	4	6	6	5	5	4	6	5	5	3	4	5	6	5	5	6	6	5	6	5	6	6	5	5	5	5	5	7	4	5	7	5	5	6	4	6	6	4	6	4	6	6	5	5	5	6	6	5	4	5	6	4	6	4	4	5	6	6	6	6	6	5	6	5	4	6	4	6
6	5	5	6	5	6	6	5	4	5	5	5	5	6	7	6	6	5	5	5	6	6	5	6	5	7	5	6	6	4	4	6	5	5	6	6	5	5	6	5	5	4	5	5	6	5	5	6	6	5	6	5	5	6	6	5	5	5	5	6	5	5	6	5	5	6	5	6	6	4	7	5	6	7	5	6	5	6	6	5	5	5	7	4	6	4	5	6	6	6	5	6	6	5	6	5	5	6	4	6
