Deck Distance Score for: 
      Results/UntilAvg60Run/FROM_null_WITH_r4_c50

Similarity: 71,04% (Score: 63298/89100) 

	9	9	9	10	9	10	9	10	8	9	9	8	10	9	9	10	11	10	9	8	9	9	11	10	8	9	10	11	9	10	10	10	10	8	9	10	9	8	10	12	10	10	10	9	10	9	10	8	9	9	10	10	8	9	10	9	8	10	10	11	10	9	8	8	10	9	8	9	8	10	8	9	9	10	8	9	9	8	9	9	9	9	9	9	9	9	8	10	8	9	9	9	10	9	10	9	9	9	10
		13	13	13	12	14	12	11	13	11	13	12	13	13	13	11	13	16	14	12	13	12	13	13	12	13	14	13	12	13	13	13	13	12	12	13	14	12	13	8	13	12	13	12	14	16	12	11	12	12	13	12	13	12	15	12	12	13	12	12	14	13	12	11	12	12	13	12	12	13	11	12	12	16	13	12	14	13	12	13	11	12	10	13	13	13	12	13	12	12	12	10	13	12	14	11	13	11	14
			12	12	12	16	14	12	12	12	14	12	12	12	12	12	13	13	13	12	12	13	13	14	13	16	13	14	13	14	13	14	13	13	12	14	12	12	15	8	14	13	16	13	13	12	12	12	14	13	13	13	13	13	13	13	14	14	13	12	16	12	12	12	13	13	13	13	12	14	12	12	13	12	12	12	13	12	14	13	12	14	11	15	16	12	14	14	14	13	13	11	13	12	14	11	14	12	13
				16	12	12	12	12	14	12	12	13	16	16	15	12	12	14	15	13	14	12	12	13	12	12	15	13	12	12	13	13	16	12	13	13	14	14	12	8	13	12	12	13	16	14	12	11	13	12	12	12	12	12	15	12	12	13	12	13	13	14	13	11	13	12	15	12	12	13	11	13	13	13	15	12	15	12	12	12	11	12	11	13	12	16	12	13	12	12	12	11	12	11	15	12	13	11	15
					13	12	12	13	14	12	12	13	17	16	14	12	12	14	15	13	14	12	12	13	12	12	15	13	12	12	13	13	16	12	13	13	14	13	12	7	13	12	12	12	16	13	12	12	13	12	12	12	12	13	15	12	12	13	12	13	13	14	13	11	13	12	14	12	12	13	11	13	13	13	14	12	15	12	12	12	11	12	12	12	12	16	12	13	12	12	12	12	12	11	15	13	12	12	15
						12	12	12	12	11	12	12	13	12	12	11	11	12	13	12	12	12	11	13	12	12	13	13	12	12	12	12	13	12	12	13	12	12	13	7	12	11	12	12	12	11	11	12	12	12	12	11	12	13	13	12	12	13	11	11	13	12	12	11	12	12	12	12	13	12	11	12	12	12	12	11	13	14	12	12	12	12	11	12	12	12	12	12	12	12	12	11	12	12	14	12	12	12	13
							13	12	12	12	15	12	12	12	12	12	14	14	13	12	12	13	14	14	13	16	13	14	13	14	14	14	13	13	12	14	13	12	15	9	14	13	16	13	13	13	13	12	14	13	14	13	13	13	14	13	14	14	13	13	16	12	12	12	13	13	12	13	12	14	12	12	13	13	12	13	13	12	13	14	12	13	11	15	16	12	14	14	13	13	13	11	14	13	14	11	15	12	13
								13	12	13	13	12	12	12	12	13	13	12	13	12	12	14	13	15	13	13	13	13	15	14	13	13	13	13	13	16	12	12	13	8	13	14	13	16	12	11	13	12	13	14	14	13	12	13	13	16	13	16	14	13	14	13	12	13	14	14	13	16	12	13	13	14	13	11	12	12	13	12	17	13	12	15	11	13	13	12	13	13	14	14	14	11	14	12	14	11	13	12	13
									12	13	13	13	13	12	12	13	13	12	13	13	12	13	13	14	12	12	13	13	13	13	14	13	13	12	13	14	12	14	12	9	13	13	12	13	12	11	13	13	13	13	13	13	12	13	13	14	13	14	13	13	14	13	13	13	14	13	12	13	11	13	12	13	13	11	12	13	13	11	13	13	11	13	15	12	12	12	13	13	12	13	13	15	13	11	14	15	12	15	13
										12	12	13	14	14	14	12	12	14	16	14	15	12	12	13	12	12	15	13	12	12	13	13	14	13	13	13	16	13	12	7	13	12	12	12	14	13	12	11	12	13	12	12	12	12	15	12	13	13	12	12	13	16	13	11	14	13	14	12	12	14	11	13	12	13	16	12	16	12	12	12	11	12	11	12	12	14	12	14	12	12	12	11	12	11	15	12	12	11	15
											13	13	12	13	12	16	14	12	13	12	12	16	14	15	13	13	13	13	14	14	14	14	13	12	14	14	12	12	12	9	14	14	12	13	12	11	15	11	12	14	14	14	11	13	13	13	12	14	14	14	13	13	13	13	15	14	12	14	12	13	13	14	12	11	12	13	13	11	13	12	12	14	12	12	13	12	13	13	13	15	16	12	14	12	14	11	12	11	13
												13	12	12	12	13	13	13	13	12	12	14	13	14	14	15	13	13	13	13	15	14	13	13	12	14	13	13	14	8	14	12	14	13	12	12	14	12	14	13	14	13	12	13	14	13	14	14	13	13	16	12	13	13	13	13	12	13	13	13	13	12	13	12	12	14	13	12	13	14	13	13	12	14	14	12	14	13	14	13	14	12	14	14	14	12	16	13	13
													13	13	13	13	12	13	14	16	13	13	12	13	13	13	14	13	12	12	13	14	14	12	13	13	13	16	12	8	14	12	12	12	13	12	13	12	13	12	12	13	13	12	14	13	13	13	12	12	13	13	17	13	13	12	13	12	13	13	12	13	13	12	13	12	14	12	12	13	12	12	12	12	12	13	13	13	13	12	13	12	12	12	15	13	12	12	14
														16	14	12	12	14	15	13	14	12	12	14	12	12	15	13	12	12	13	13	16	12	13	13	14	13	12	7	13	12	12	12	16	13	12	12	13	12	12	12	12	13	15	12	12	13	12	13	13	14	13	11	13	12	14	12	12	13	11	13	13	13	14	12	15	12	12	12	11	12	12	12	12	16	12	13	12	12	12	12	12	11	15	13	12	12	15
															14	12	12	14	15	13	14	12	12	13	12	12	15	13	13	12	14	13	16	12	14	13	14	13	12	8	13	13	12	12	16	13	12	11	13	12	12	12	12	13	15	12	12	13	12	13	13	14	13	11	13	12	14	13	12	13	11	14	13	13	14	13	15	12	12	12	11	12	12	12	13	16	13	13	12	13	12	12	12	11	15	12	12	11	15
																13	12	14	15	13	16	12	12	13	12	12	16	13	12	12	13	13	14	12	13	13	14	14	12	9	13	12	13	13	14	14	12	11	12	12	12	12	12	12	15	12	12	13	12	12	13	14	13	11	13	12	15	12	12	13	11	13	12	13	15	12	15	13	12	12	12	12	12	13	12	14	12	13	12	12	12	12	12	11	15	13	13	12	17
																	14	12	13	12	13	16	14	15	13	13	14	13	13	14	13	14	13	12	13	14	12	12	12	9	14	13	13	13	12	11	15	11	12	14	14	14	11	12	13	13	12	14	14	14	13	13	13	13	15	14	12	13	12	13	13	13	12	11	12	12	13	12	13	12	13	14	12	12	12	12	12	13	13	14	16	12	14	12	14	12	12	12	14
																		14	13	12	12	14	17	15	12	13	13	14	13	15	14	14	13	12	13	14	13	12	13	10	14	14	13	13	13	13	16	11	12	14	15	14	12	12	14	13	12	14	16	16	14	13	12	12	15	14	12	13	11	14	12	13	12	13	12	13	13	11	13	13	11	14	11	13	13	12	12	14	12	14	14	11	15	12	14	11	13	11	13
																			15	13	14	12	14	13	12	13	15	14	12	13	14	14	14	12	13	13	15	13	13	9	14	13	13	12	15	16	13	11	12	12	13	13	13	12	16	12	12	13	13	13	14	14	13	11	13	12	14	12	12	14	11	13	12	16	14	13	15	12	12	13	11	12	11	13	13	14	12	14	12	12	12	11	13	12	15	12	13	11	15
																				15	15	13	13	14	13	13	16	14	13	13	14	14	15	14	14	14	15	14	13	8	14	13	13	13	15	14	13	12	13	14	13	13	14	13	16	13	14	14	13	13	14	15	14	13	14	14	15	13	13	15	12	14	13	14	15	13	17	13	13	13	12	13	12	13	13	15	13	14	13	13	13	12	13	12	16	13	13	12	16
																					13	12	12	13	12	12	14	13	12	12	13	13	14	13	13	13	13	16	12	8	13	12	12	12	13	12	12	12	13	12	12	12	13	12	14	13	14	13	12	12	13	13	16	12	13	13	13	12	12	14	11	13	13	12	13	12	15	12	12	13	11	12	12	12	12	13	13	13	12	12	12	12	12	11	15	13	12	12	14
																						12	12	13	12	12	16	13	12	12	13	13	14	12	13	13	15	13	12	8	13	12	13	12	14	13	12	11	12	13	12	12	12	12	15	12	12	13	12	12	13	15	13	11	14	12	14	12	12	13	11	13	12	13	15	12	15	13	12	12	12	12	12	12	12	14	12	14	12	12	12	12	12	11	15	13	12	12	17
																							14	16	14	14	13	13	14	15	13	14	13	13	13	15	12	12	13	8	14	13	13	14	12	11	15	12	13	15	15	14	12	13	13	14	13	15	14	14	14	13	13	14	15	15	12	14	13	13	14	13	13	11	12	12	13	12	14	13	13	15	11	13	13	12	13	13	14	15	17	11	15	13	14	11	13	12	13
																								15	12	13	13	14	13	15	14	14	13	12	13	14	13	12	13	10	14	14	13	13	13	13	16	11	12	14	15	14	12	12	14	13	12	14	16	16	14	13	12	12	15	14	12	13	11	14	12	13	12	13	12	13	13	11	13	13	11	14	11	13	13	12	12	14	12	14	14	11	15	12	14	11	13	11	13
																									14	14	14	14	15	16	14	14	14	14	14	16	13	13	14	9	14	14	14	15	13	12	15	13	14	16	16	14	13	14	14	15	14	16	15	15	15	14	13	14	16	16	13	15	13	14	14	14	14	12	13	13	14	13	15	14	13	16	12	14	14	13	14	14	14	16	16	12	16	13	15	12	14	13	14
																										14	13	13	13	13	13	14	13	14	12	14	12	12	13	7	14	12	13	13	12	11	13	13	13	13	13	13	12	13	13	13	13	14	12	12	14	12	13	13	13	13	12	13	14	13	15	12	13	11	12	12	13	13	13	13	14	13	11	13	13	12	13	13	16	13	14	11	13	14	14	11	13	12	13
																											13	14	13	14	13	15	13	13	12	14	12	12	15	8	15	13	16	13	13	12	13	12	14	13	13	14	13	13	13	13	14	14	12	12	16	12	13	13	13	13	12	13	13	14	13	12	13	12	12	12	13	12	13	13	13	13	11	15	16	12	14	14	14	13	14	11	13	13	14	11	14	12	13
																												14	13	13	14	14	15	13	14	14	15	14	13	9	14	13	14	13	15	14	13	12	13	13	13	13	13	13	16	13	13	14	13	13	14	15	14	12	14	13	15	13	13	14	12	14	13	14	15	13	16	14	13	13	13	13	13	13	13	15	13	14	13	13	13	13	13	12	16	14	13	13	17
																													13	14	14	15	14	13	13	14	13	13	15	10	15	14	14	13	14	13	13	12	13	13	13	14	13	13	14	13	13	14	13	13	15	13	13	12	14	13	13	13	13	16	12	13	13	14	13	13	14	12	13	13	13	13	12	14	14	13	13	16	13	13	13	12	13	13	15	12	13	12	14
																														14	14	13	13	13	14	16	12	12	13	9	13	15	13	15	12	11	13	12	13	14	14	13	12	14	13	15	13	16	13	13	14	13	12	13	14	14	12	16	12	13	13	15	13	11	12	13	13	12	15	13	12	14	12	13	14	12	14	13	13	15	14	12	14	12	14	11	13	12	13
																															13	14	13	13	13	15	12	12	14	9	14	14	14	14	13	12	14	12	13	16	16	14	13	13	13	14	13	15	14	14	15	13	12	13	15	16	12	15	12	14	13	13	13	12	12	12	13	12	14	13	12	16	11	14	14	12	13	14	13	16	15	11	16	12	14	11	13	12	13
																																14	14	13	14	14	14	14	13	10	14	14	13	13	13	13	14	12	13	13	14	13	12	14	15	13	13	14	14	14	15	13	13	12	14	13	13	14	12	14	12	14	13	13	13	16	14	12	13	14	12	13	14	13	14	13	14	14	13	14	13	14	14	13	15	13	14	13	14
																																	14	13	13	14	13	13	14	9	17	14	14	13	14	13	14	12	13	13	13	16	13	13	14	13	13	14	13	13	15	13	14	13	14	13	13	13	13	15	13	13	13	13	13	13	14	12	13	13	13	13	12	14	14	13	13	15	14	13	14	12	13	13	15	12	13	12	14
																																		13	14	14	14	14	13	8	14	13	13	13	16	13	13	12	14	13	13	13	13	13	15	13	13	14	13	14	14	14	14	12	14	13	14	13	13	14	12	14	14	13	14	13	15	13	13	13	12	13	12	13	13	16	13	14	13	13	13	12	13	12	16	13	13	12	15
																																			12	14	12	12	13	7	13	12	13	13	12	11	12	14	13	13	13	12	12	13	13	13	14	14	12	12	14	12	12	12	13	14	12	13	13	14	14	12	14	11	12	12	14	13	13	14	13	13	11	13	13	12	13	13	13	13	13	11	13	13	14	11	13	12	13
																																				14	13	13	12	9	13	14	12	13	13	12	13	11	12	13	13	13	12	13	14	13	12	14	13	13	13	14	13	12	14	13	13	14	12	13	12	15	12	12	13	13	14	12	13	12	11	13	12	12	13	13	13	13	12	14	13	12	13	11	15	12	12	11	14
																																					13	13	14	9	14	15	14	16	13	12	14	13	14	15	15	14	13	14	14	16	14	17	14	14	15	14	13	14	15	15	13	16	13	14	14	15	14	12	13	13	14	13	16	14	13	15	12	14	14	13	14	14	14	15	15	12	15	13	15	12	14	13	14
																																						13	12	8	13	12	12	12	14	14	13	11	12	13	13	12	12	12	16	12	12	13	13	13	13	16	13	11	14	12	14	12	12	13	11	13	12	14	16	13	15	12	12	13	11	12	11	12	12	14	12	14	12	12	12	11	13	12	15	12	13	11	15
																																							12	9	13	12	12	13	13	13	12	12	13	12	12	12	13	12	14	13	13	13	12	12	14	13	16	12	13	12	14	12	12	13	11	13	13	12	14	13	14	12	12	13	11	12	13	13	12	13	13	13	12	12	12	13	12	11	15	14	13	13	14
																																								9	14	13	15	13	13	12	12	12	14	13	13	13	13	13	13	13	14	14	12	12	16	12	12	12	13	13	12	13	13	14	12	12	13	13	12	12	13	12	13	13	13	13	11	16	15	12	14	14	13	13	13	11	13	13	14	11	14	12	13
																																									9	10	9	9	8	9	9	7	8	8	9	9	8	8	9	9	8	9	9	9	9	8	8	8	9	8	8	9	7	9	7	9	8	9	8	9	8	7	8	9	8	8	9	9	9	7	9	9	7	9	8	9	9	8	9	8	9	8	9
																																										14	14	13	14	13	14	12	13	13	13	16	13	13	14	13	13	14	13	13	15	13	14	13	14	13	13	13	13	15	13	13	13	13	13	13	14	12	13	13	13	13	12	14	14	13	13	15	14	13	14	12	13	13	15	12	13	12	14
																																											13	14	13	12	13	11	12	13	13	14	12	13	13	14	12	15	13	13	14	13	12	12	14	13	12	15	11	14	12	16	12	12	12	13	13	11	14	12	11	13	12	13	14	12	13	14	12	14	13	12	13	11	14	11	12	11	13
																																												13	13	12	12	12	14	13	13	13	13	13	13	13	14	14	12	12	16	12	12	12	13	13	12	13	12	14	12	12	13	12	12	12	13	13	13	13	13	13	12	15	16	12	14	14	13	13	13	12	13	12	14	12	14	13	14
																																													12	12	13	12	13	14	14	13	12	13	13	16	13	16	13	13	14	13	12	13	14	14	13	16	12	13	13	14	13	11	13	12	13	12	16	13	12	14	11	14	13	12	13	13	13	14	14	11	14	12	14	11	14	12	13
																																														14	12	11	13	12	12	13	13	12	15	12	12	13	12	13	14	14	13	11	13	12	14	12	12	14	11	13	13	14	14	12	15	12	12	12	11	12	11	13	13	16	12	14	12	12	12	11	12	11	15	12	12	11	15
																																															12	10	11	11	12	12	12	11	15	11	11	12	12	12	13	13	12	10	12	11	14	11	11	13	10	12	11	16	14	12	14	11	11	12	10	11	10	13	12	13	11	13	11	11	11	10	12	11	14	11	13	10	14
																																																11	12	14	15	14	11	12	14	13	12	14	16	16	13	13	13	13	15	14	12	13	12	13	13	13	12	12	12	13	13	11	13	13	12	14	11	12	12	12	12	13	13	14	15	11	15	13	14	11	13	11	13
																																																	13	12	12	11	12	13	12	13	13	13	11	11	13	11	12	12	12	12	11	12	12	12	13	11	14	10	11	11	12	12	12	14	12	12	12	12	12	11	13	12	12	12	12	12	12	12	13	12	12	13	12
																																																		13	13	12	13	13	13	14	16	14	12	13	15	12	13	13	13	13	12	13	12	13	12	12	15	11	12	12	13	12	13	14	12	13	12	14	14	13	16	13	13	14	13	12	13	12	14	12	14	13	13
																																																			16	13	13	13	13	14	13	15	14	14	14	14	12	14	16	16	12	14	12	13	13	13	13	11	13	12	13	12	14	13	12	16	11	13	13	12	13	14	13	16	15	11	16	12	14	11	13	12	13
																																																				13	12	13	14	14	13	15	15	15	14	13	12	13	15	16	12	14	12	13	13	13	13	12	12	13	13	12	14	14	12	16	11	13	13	12	13	13	13	16	15	11	17	13	14	11	14	12	13
																																																					12	12	13	13	12	14	13	13	14	13	13	13	14	13	12	13	12	14	13	13	12	12	12	12	13	11	13	12	12	13	11	13	13	12	12	14	13	13	14	11	13	12	14	11	12	11	13
																																																						12	13	13	13	13	11	11	14	12	13	13	12	12	12	12	12	13	11	12	13	12	12	11	13	12	12	13	11	12	11	13	13	12	13	13	12	12	12	11	12	11	14	12	12	12	13
																																																							13	13	13	14	12	12	14	12	12	12	13	13	12	14	12	13	12	13	13	11	12	13	13	12	13	13	12	13	13	13	14	12	14	13	13	14	13	13	13	12	14	12	13	13	13
																																																								13	13	14	14	14	14	15	14	12	14	13	15	13	13	14	12	14	13	15	15	14	16	13	13	14	12	13	12	13	13	15	13	14	13	13	13	12	14	13	16	13	14	12	16
																																																									14	16	13	13	14	13	13	14	14	14	12	16	12	13	13	14	14	11	12	12	13	12	16	14	12	14	12	13	13	12	14	13	13	14	14	12	14	12	14	12	13	13	13
																																																										14	12	12	15	12	13	13	13	14	12	13	12	14	12	12	14	11	12	12	14	12	13	14	12	13	12	14	14	12	16	13	13	13	13	12	13	12	14	12	14	13	13
																																																											14	14	15	14	13	14	15	15	13	16	13	14	14	15	14	12	13	13	14	13	16	14	13	15	12	14	14	13	14	14	14	15	15	12	15	13	15	12	14	13	14
																																																												16	13	13	12	12	15	14	13	13	11	13	12	13	12	12	12	13	13	11	14	13	11	15	11	12	12	12	12	13	13	14	14	11	15	12	14	11	13	11	13
																																																													13	13	12	12	15	14	12	13	11	13	12	13	13	12	12	13	13	11	13	13	11	14	11	12	12	13	12	13	12	14	14	11	15	12	14	11	13	11	13
																																																														13	13	13	14	14	13	14	13	15	13	13	14	13	13	14	14	13	14	14	13	14	13	16	16	13	15	15	14	14	14	13	14	13	15	13	15	14	14
																																																															13	12	15	13	14	13	12	13	12	14	12	13	16	13	15	12	13	12	11	13	11	12	12	14	12	14	12	13	13	11	13	11	15	12	12	11	15
																																																																13	13	12	13	12	13	13	12	13	13	12	13	12	14	12	12	13	12	12	12	12	12	13	13	13	13	12	13	12	12	12	15	13	12	12	14
																																																																	13	13	11	13	12	12	13	12	13	10	11	11	12	11	13	13	12	13	11	12	12	11	13	12	13	13	14	11	13	12	13	11	12	12	12
																																																																		15	13	14	12	14	13	14	13	12	14	13	14	12	14	13	12	15	12	13	13	13	13	15	13	15	15	12	15	12	15	12	13	12	14
																																																																			12	14	12	14	13	13	13	11	12	12	14	12	14	13	12	16	11	13	13	12	13	13	13	16	15	11	16	12	14	11	13	12	13
																																																																				12	12	13	11	13	12	13	15	12	15	12	13	12	11	13	11	13	12	14	12	13	13	12	12	11	12	11	15	12	13	11	15
																																																																					12	13	13	15	13	11	12	13	13	12	16	13	12	14	12	13	14	12	14	13	13	15	14	12	14	12	14	11	13	12	13
																																																																						12	14	12	13	12	12	11	13	12	12	13	15	12	10	12	12	12	12	12	14	12	13	10	12	15	14	11	12	11	13
																																																																							12	13	13	13	13	13	15	12	13	13	12	13	12	14	14	13	13	16	13	13	13	12	13	12	15	12	13	12	14
																																																																								12	13	10	11	11	12	12	13	13	14	13	10	12	12	11	12	12	14	13	14	10	13	14	13	10	12	11	12
																																																																									12	12	13	13	14	12	14	12	11	13	12	12	13	13	13	13	12	14	13	12	13	11	15	12	12	11	14
																																																																										11	12	12	13	12	13	16	13	13	12	13	13	13	14	13	13	13	13	12	13	13	14	12	13	13	13
																																																																											13	12	14	11	11	12	11	11	10	12	12	13	11	13	11	11	11	10	12	12	14	11	12	10	14
																																																																												12	15	12	12	12	11	12	11	13	12	14	12	14	12	12	12	11	12	11	15	12	13	11	15
																																																																													13	11	12	13	11	12	13	12	13	13	13	13	12	13	12	13	13	12	14	12	13	12	13
																																																																														13	13	13	12	13	12	13	13	15	13	14	13	13	13	13	13	12	16	13	13	12	16
																																																																															12	12	12	12	11	12	12	12	12	12	12	12	12	11	12	11	14	12	12	12	14
																																																																																13	12	15	11	13	13	12	13	13	14	14	14	11	14	12	14	11	13	12	13
																																																																																	13	13	12	13	13	12	14	13	13	13	13	12	14	14	14	12	14	13	13
																																																																																		12	11	12	12	11	12	12	14	12	13	11	12	15	13	11	12	12	13
																																																																																			11	13	13	12	13	13	14	16	15	11	16	12	14	11	13	12	13
																																																																																				11	12	11	13	12	11	12	11	17	11	10	13	16	11	16	13
																																																																																					15	12	14	14	13	13	13	11	13	12	14	11	15	12	13
																																																																																						12	15	14	13	14	13	12	13	12	14	11	14	12	13
																																																																																							12	13	12	12	12	11	12	11	15	12	12	11	15
																																																																																								13	13	14	13	13	13	12	14	12	14	13	13
																																																																																									13	13	13	12	13	12	15	12	13	12	14
																																																																																										13	14	11	13	14	14	11	13	12	13
																																																																																											15	12	16	12	14	11	13	12	13
																																																																																												11	15	13	14	11	13	12	13
																																																																																													11	10	13	16	11	16	13
																																																																																														13	14	11	14	12	13
																																																																																															13	10	13	11	12
																																																																																																14	14	13	16
																																																																																																	11	16	14
																																																																																																		12	13
																																																																																																			13
