Deck Distance Score for: 
      Results/UntilAvg60Run/FROM_null_WITH_r4_c0 (Left side from top to bottom)
and   Results/UntilAvg60Run/FROM_r4_c0_WITH_r5_c0 (Top side from left to right)

Similarity: 35,70% (Score: 64266/180000) 

7	6	8	7	8	6	6	8	7	6	7	8	6	6	8	6	7	6	7	7	6	8	7	8	8	8	8	5	7	7	7	7	7	7	8	7	8	8	7	7	6	7	8	7	6	8	6	7	8	6	7	8	7	7	6	7	7	7	7	7	7	8	8	6	8	7	7	8	8	7	7	8	7	8	7	7	7	7	8	6	6	8	7	8	7	7	8	7	7	6	8	8	6	8	7	6	7	7	8	8
5	4	6	5	6	5	5	6	5	6	6	6	4	5	6	5	5	4	6	6	6	6	5	6	6	6	6	5	5	5	5	5	5	5	6	5	6	6	5	6	4	6	6	5	4	6	5	6	6	4	5	7	7	5	5	6	6	6	5	6	5	6	6	4	6	6	5	6	6	5	5	6	5	6	6	5	5	5	6	4	4	6	5	6	5	6	6	6	6	5	6	6	6	6	5	5	6	5	6	6
6	5	7	6	7	5	6	7	6	6	6	7	5	5	7	6	6	5	6	6	5	7	6	7	7	7	7	4	6	6	6	6	6	6	7	6	7	7	6	6	5	7	7	6	5	7	5	6	7	5	6	7	6	6	6	7	6	7	6	7	6	7	7	5	7	7	6	7	7	6	6	7	6	7	7	6	6	6	7	5	5	7	6	7	6	7	7	7	6	6	7	7	6	7	6	5	7	6	7	7
6	5	7	5	7	4	6	7	5	6	6	6	4	4	6	5	5	4	5	5	4	6	6	6	7	7	7	4	5	5	5	5	6	6	6	6	7	6	5	5	5	6	6	5	5	7	4	6	6	5	6	6	5	5	5	7	5	7	5	6	5	6	7	4	6	7	5	6	7	5	5	6	5	7	7	5	5	6	7	4	4	6	6	7	6	6	7	7	6	6	7	6	6	6	5	5	6	5	6	7
8	8	9	8	9	7	7	9	8	6	7	9	7	7	9	8	8	7	7	8	7	9	8	9	9	9	9	6	8	8	8	8	8	8	8	8	8	9	7	8	7	8	8	8	7	9	7	7	9	7	8	9	8	8	7	8	8	8	9	8	8	9	9	7	9	8	9	9	9	8	8	9	8	9	8	8	8	8	9	7	7	9	7	9	8	8	9	8	8	7	9	9	7	9	8	7	8	8	9	9
4	3	5	4	5	4	4	5	4	5	5	5	3	4	5	4	4	3	4	5	4	5	4	5	5	5	5	3	4	4	4	4	5	5	5	4	5	5	4	4	3	5	5	5	3	5	4	5	5	4	4	5	5	4	4	5	5	5	5	5	4	5	5	3	5	5	4	5	5	4	4	5	4	5	5	4	4	4	5	3	4	5	5	5	4	5	5	5	5	4	5	5	5	5	4	4	5	4	5	5
5	4	6	5	6	4	5	6	5	6	6	6	4	4	6	5	5	4	5	6	5	6	5	6	6	6	6	4	5	5	5	5	5	5	6	5	6	6	5	5	4	6	6	5	4	6	5	6	6	4	5	6	6	5	5	6	6	6	5	6	5	6	6	4	6	6	5	6	6	5	5	6	5	6	6	5	5	5	6	4	4	6	5	6	5	6	6	6	6	5	6	6	6	6	5	5	6	5	6	6
6	5	7	6	7	6	5	7	6	5	6	7	5	6	7	5	6	5	6	6	5	7	6	7	7	7	7	4	6	6	6	6	7	7	7	6	7	7	6	6	5	6	7	7	5	7	5	6	7	6	6	7	6	6	5	6	6	6	8	6	6	7	7	5	7	6	6	7	7	6	6	7	6	7	6	6	6	6	7	5	6	7	7	7	6	6	7	6	6	5	7	7	5	7	6	5	6	6	7	7
5	5	6	5	6	4	5	6	5	5	5	6	4	4	6	5	5	4	5	5	4	6	5	6	6	6	6	4	5	5	5	6	5	5	6	7	6	6	5	5	4	6	6	6	4	6	4	5	6	4	5	6	5	5	5	6	5	6	5	6	5	6	6	4	6	6	5	6	6	5	5	6	5	6	6	5	5	5	6	4	4	7	5	6	5	6	6	6	5	5	6	6	5	6	5	4	6	5	6	6
6	5	7	6	7	5	6	7	6	6	6	7	5	5	7	6	6	5	6	6	5	7	6	7	7	7	7	4	6	6	6	6	6	6	7	6	7	7	6	6	5	7	7	6	5	7	5	6	7	5	6	7	6	6	6	7	6	7	6	7	6	7	7	5	7	7	6	7	7	6	6	7	6	7	7	6	6	6	7	5	5	7	6	7	6	7	7	7	6	6	7	7	6	7	6	5	7	6	7	7
7	6	8	7	8	6	6	8	7	6	7	8	6	6	8	6	7	6	7	7	6	8	7	8	8	8	8	5	7	7	7	7	7	7	8	7	8	8	7	7	6	7	8	7	6	8	6	7	8	6	7	8	7	7	6	7	7	7	8	7	7	8	8	6	8	7	7	8	8	7	7	8	7	8	7	7	7	7	8	6	6	8	7	8	7	7	8	7	7	6	8	8	6	8	7	6	7	7	8	8
5	5	6	5	6	5	5	6	5	5	5	6	5	5	6	6	6	5	6	5	5	6	6	6	6	6	6	4	5	5	5	5	5	5	6	5	6	6	5	6	4	6	6	5	4	6	5	5	6	4	5	7	6	6	5	6	5	6	5	6	6	6	6	5	6	6	6	6	6	5	5	6	5	6	6	5	5	5	6	4	4	6	5	6	5	6	6	6	5	5	6	6	5	6	5	4	6	5	6	6
7	6	8	7	8	5	7	8	7	7	7	8	6	5	8	7	6	6	6	7	5	8	7	8	8	7	8	5	7	7	7	6	7	7	8	7	8	7	7	6	6	8	8	6	6	7	5	7	7	6	7	7	6	6	7	8	7	8	7	8	7	7	8	5	8	8	7	8	8	6	7	8	7	8	8	7	6	7	8	6	5	8	7	8	7	8	8	8	7	7	8	8	7	8	7	6	8	7	8	8
6	6	7	6	7	5	5	7	6	5	6	7	6	5	7	6	7	6	6	6	5	7	7	7	7	7	7	5	6	6	6	6	6	6	7	6	7	7	6	6	5	6	7	6	5	7	6	6	7	5	6	7	6	7	5	6	6	6	7	6	7	7	7	6	7	6	7	7	7	6	6	7	6	7	6	6	6	6	7	5	5	7	6	7	6	6	7	6	6	5	7	7	5	7	6	5	6	6	7	7
6	5	7	6	7	5	6	7	6	6	6	7	5	5	7	6	6	5	6	6	5	7	6	7	7	7	7	4	6	6	6	6	6	6	7	6	7	7	6	6	5	7	7	6	5	7	5	6	7	5	6	7	6	6	6	7	6	7	6	7	6	7	7	5	7	7	6	7	7	6	6	7	6	7	7	6	6	6	7	5	5	7	6	7	6	7	7	7	6	6	7	7	6	7	6	5	7	6	7	7
6	5	7	6	7	5	6	7	6	6	6	7	5	5	7	6	6	5	6	6	5	7	6	7	7	7	7	4	6	6	6	6	6	6	7	6	7	7	6	6	5	7	7	6	5	7	5	6	7	5	6	7	6	6	6	7	6	7	6	7	6	7	7	5	7	7	6	7	7	6	6	7	6	7	7	6	6	6	7	5	5	7	6	7	6	7	7	7	6	6	7	7	6	7	6	5	7	6	7	7
7	5	8	6	8	5	7	8	6	7	7	7	5	5	7	6	6	5	6	6	5	7	7	7	8	8	8	4	6	6	6	6	7	7	7	6	8	7	6	6	6	7	7	6	6	8	5	7	7	6	7	7	6	6	6	8	6	8	6	7	6	7	8	5	7	8	6	7	8	6	6	7	6	8	8	6	6	7	8	5	5	7	7	8	7	7	8	8	7	7	8	7	7	7	6	6	7	6	7	8
7	4	7	6	7	4	6	7	6	6	6	6	5	4	6	5	5	5	5	5	4	6	6	6	7	7	7	3	5	6	6	5	6	6	6	5	7	6	6	6	6	6	6	5	6	7	4	6	6	6	7	6	5	5	6	7	5	7	5	6	5	6	7	5	6	7	5	6	7	6	5	6	6	7	7	6	6	6	7	5	5	6	6	7	7	6	7	7	6	7	7	6	6	6	6	6	6	5	6	7
6	5	7	6	7	5	6	7	6	6	6	7	5	5	7	6	6	5	6	6	5	7	6	7	7	7	7	4	6	6	6	6	6	6	7	6	7	7	6	6	5	7	7	6	5	7	5	6	7	5	6	7	6	6	6	7	6	7	6	7	6	7	7	5	7	7	6	7	7	6	6	7	6	7	7	6	6	6	7	5	5	7	6	7	6	8	7	7	6	6	7	7	6	7	6	5	7	6	7	7
7	6	8	7	8	6	6	8	7	6	7	8	6	6	8	6	7	6	7	7	6	8	7	8	8	8	8	5	7	7	7	7	7	7	8	7	8	8	7	7	6	7	8	7	6	8	6	7	8	6	7	8	7	7	6	7	7	7	8	7	7	8	8	6	8	7	7	8	8	7	7	8	7	8	7	7	7	7	8	6	7	8	7	8	7	7	8	7	7	6	8	8	6	8	7	6	7	7	8	8
7	6	8	7	8	6	6	8	7	6	7	8	6	6	8	6	7	6	7	7	6	8	7	8	8	8	8	5	7	7	7	7	7	7	8	7	8	8	7	7	6	7	8	7	6	8	6	7	8	6	7	8	7	7	6	7	7	7	8	7	7	8	8	6	8	7	7	8	8	7	7	8	7	8	7	7	7	7	8	6	6	8	7	8	7	7	8	7	7	6	8	8	6	8	7	6	7	7	8	8
7	6	8	7	8	6	6	8	7	6	7	9	6	6	8	6	7	6	7	7	6	8	7	8	8	8	8	5	7	7	7	7	7	7	8	7	8	8	7	7	6	7	8	7	6	8	6	7	8	6	7	8	7	7	6	7	7	7	8	7	7	8	8	6	8	7	7	8	8	7	7	8	7	8	7	7	7	7	8	6	6	8	7	8	7	7	8	7	7	6	8	8	6	8	7	6	7	7	8	8
7	6	8	7	8	6	6	8	7	6	7	8	6	6	8	6	7	6	7	7	6	8	7	8	8	8	8	5	7	7	7	7	7	7	8	7	8	9	7	7	6	7	8	7	6	8	6	7	8	6	7	8	7	7	6	7	7	7	8	7	7	8	8	6	8	7	7	8	8	7	7	8	7	8	7	7	7	7	8	6	6	8	7	8	7	7	8	7	7	6	8	8	6	8	7	6	7	7	8	8
6	4	6	6	6	4	5	6	6	5	5	6	5	4	6	5	5	5	5	5	4	6	5	6	6	6	6	3	6	6	6	5	5	5	7	5	6	6	6	6	5	6	6	5	5	6	4	5	7	5	6	6	5	5	6	6	5	6	5	6	5	7	6	6	6	6	5	6	6	6	5	6	6	6	6	6	6	5	6	5	6	6	5	6	6	6	6	6	5	6	6	6	5	6	6	5	6	5	6	6
7	6	8	7	8	6	6	8	7	6	7	8	6	6	8	6	7	6	7	7	6	8	7	8	8	8	8	5	7	7	7	7	7	7	8	7	8	8	7	7	6	7	8	7	6	8	6	7	8	6	7	8	7	7	6	7	7	7	7	7	7	8	8	6	8	7	7	8	8	7	7	8	7	8	7	7	7	7	8	6	6	8	7	8	7	7	8	7	7	6	8	8	6	8	7	6	7	7	8	8
7	6	8	7	8	6	6	8	7	6	7	8	6	6	8	6	7	6	7	7	6	8	7	8	8	8	8	5	7	7	7	7	7	7	8	7	8	8	7	7	6	7	8	7	6	8	6	7	8	6	7	8	7	7	6	7	7	7	7	7	7	8	8	6	8	7	7	8	8	7	7	8	7	8	7	7	7	7	8	6	6	8	7	8	7	7	8	7	7	6	8	8	6	8	7	6	7	7	8	8
7	6	8	7	8	6	6	8	7	6	7	8	6	6	8	6	7	6	7	7	6	8	7	8	8	8	8	5	7	7	7	7	7	7	8	7	8	9	7	7	6	7	8	7	6	8	6	7	8	6	7	8	7	7	6	7	7	7	8	7	7	8	8	6	8	7	7	8	8	7	7	8	7	8	7	7	7	7	8	6	6	8	7	8	7	7	8	7	7	6	8	8	6	8	7	6	7	7	8	8
6	5	7	6	7	5	6	7	6	6	6	7	5	5	7	6	6	5	6	6	5	7	6	7	7	7	7	4	6	6	6	6	6	6	7	6	7	7	6	6	5	7	7	6	5	7	5	6	7	5	6	7	6	6	6	7	6	7	6	7	7	7	7	5	7	7	6	8	7	6	6	7	6	7	7	6	6	6	7	5	5	7	6	7	6	7	7	7	6	6	7	7	6	7	6	5	7	6	7	7
8	7	9	8	9	7	7	9	8	6	7	9	7	7	9	7	8	7	7	8	7	9	8	9	9	9	9	6	8	8	8	8	8	8	8	8	8	9	7	8	7	8	8	8	7	9	7	7	9	7	8	9	8	8	7	8	8	8	8	8	8	9	9	7	9	8	8	9	9	8	8	9	8	9	8	8	8	8	9	7	7	9	7	9	8	8	9	8	8	7	9	9	7	9	8	7	8	8	9	9
6	5	7	6	7	5	6	7	6	6	6	7	5	5	7	6	6	5	6	6	5	7	6	7	7	7	7	4	6	6	6	6	6	6	7	6	7	7	6	6	5	7	7	6	5	7	5	6	7	5	6	7	6	6	6	7	6	7	6	7	6	7	7	5	7	7	6	7	7	6	6	7	6	7	7	6	6	6	7	5	5	7	6	7	6	7	7	7	6	6	7	7	6	7	6	5	7	6	7	7
7	6	8	7	8	5	7	8	7	7	7	8	6	5	8	7	6	6	6	7	5	8	7	8	8	7	8	5	7	7	7	6	7	7	8	7	8	7	7	6	6	8	8	6	6	7	5	7	7	6	7	7	6	6	7	8	7	8	7	8	7	7	8	5	8	8	7	8	8	6	7	8	7	8	8	7	6	7	8	6	5	8	7	8	7	8	8	8	7	7	8	8	7	8	7	6	8	7	8	8
6	5	7	6	7	5	6	7	6	6	6	7	5	5	7	6	6	5	6	6	5	7	6	7	7	7	7	4	6	6	6	6	6	6	7	6	7	7	6	6	5	7	7	6	5	7	5	6	7	5	6	7	6	6	6	7	6	7	6	7	6	7	7	5	7	7	6	7	7	6	6	7	6	7	7	6	6	6	7	5	5	7	6	7	6	7	7	7	6	6	7	7	6	7	6	5	7	6	7	7
7	6	8	7	8	6	6	8	7	6	7	8	6	6	8	6	7	6	7	7	6	8	7	8	8	8	8	5	7	7	7	7	7	7	8	7	8	8	7	7	6	7	8	7	6	8	6	7	8	6	7	8	7	7	6	7	7	7	7	7	7	8	8	6	8	7	7	8	8	7	7	8	7	8	7	7	7	7	8	6	6	8	7	8	7	7	8	7	7	6	8	8	6	8	7	6	7	7	8	8
6	5	7	6	7	5	6	7	6	6	6	7	5	5	7	6	6	5	6	6	5	7	6	7	7	7	7	4	6	6	6	7	6	6	7	7	7	7	6	6	5	7	7	7	5	7	5	6	7	5	6	7	6	6	6	7	6	7	6	7	6	7	7	5	7	7	6	7	7	6	6	7	6	7	7	6	6	6	7	5	5	8	6	7	6	7	7	7	6	6	7	7	6	7	6	5	7	6	7	7
7	6	8	7	8	5	7	8	7	7	7	8	6	5	8	7	6	6	6	7	5	8	7	8	8	7	8	5	7	7	7	6	7	7	8	7	8	7	7	6	6	8	8	6	6	7	5	7	7	6	7	7	6	6	7	8	7	8	7	8	7	7	8	5	8	8	7	8	8	6	7	8	7	8	8	7	6	7	8	6	5	8	7	8	7	8	8	8	7	7	8	8	7	8	7	6	8	7	8	8
5	4	6	5	6	4	5	6	5	6	6	6	4	4	6	5	5	4	5	6	5	6	5	6	6	6	6	4	5	5	5	5	5	5	6	5	6	6	5	5	4	6	6	5	4	6	5	6	6	4	5	6	6	5	5	6	6	6	5	6	5	6	6	4	6	6	5	6	6	5	5	6	5	6	6	5	5	5	6	4	4	6	5	6	5	6	6	6	6	5	6	6	6	6	5	5	6	5	6	6
5	4	6	5	6	5	5	6	5	5	5	6	4	5	6	5	5	4	6	5	5	6	5	6	6	6	6	3	6	5	5	5	5	5	6	5	6	6	5	5	4	6	6	5	5	6	4	5	6	4	5	6	5	5	5	6	5	6	5	6	5	6	6	4	6	6	5	6	6	5	6	6	5	6	6	5	5	6	6	4	4	6	5	6	5	6	6	6	5	5	6	6	5	6	5	4	6	5	6	6
7	6	8	7	8	5	7	8	7	7	7	8	6	5	8	7	6	6	6	7	5	8	7	8	8	7	8	5	7	7	7	6	7	7	8	7	8	7	7	6	6	8	8	6	6	7	5	7	7	6	7	7	6	6	7	8	7	8	7	8	7	7	8	5	8	8	7	8	8	6	7	8	7	8	8	7	6	7	8	6	5	8	7	8	7	8	8	8	7	7	8	8	7	8	7	6	8	7	8	8
7	6	8	7	8	5	7	8	7	7	7	8	6	5	8	7	6	6	6	7	5	8	7	8	8	7	8	5	7	7	7	6	7	7	8	7	8	7	7	6	6	8	8	6	6	7	5	7	7	6	7	7	6	6	7	8	7	8	7	8	7	7	8	5	8	8	7	8	8	6	7	8	7	8	8	7	6	7	8	6	5	8	7	8	7	8	8	8	7	7	8	8	7	8	7	6	8	7	8	8
6	5	7	6	7	5	6	7	6	6	6	7	5	5	7	6	6	5	6	6	5	7	6	7	7	7	7	4	6	6	6	6	6	6	7	6	7	7	6	6	5	7	7	6	5	7	5	6	7	5	6	7	6	6	6	7	6	7	6	7	6	7	7	5	7	7	6	7	7	6	6	7	6	7	7	6	6	6	7	5	5	7	6	7	6	7	7	7	6	6	7	7	6	7	6	5	7	6	7	7
7	5	8	6	8	5	7	8	6	7	7	7	5	5	7	6	6	5	6	6	5	7	7	7	8	8	8	4	6	6	6	6	7	7	7	6	8	7	6	6	6	7	7	6	6	8	5	7	7	6	7	7	6	6	6	8	6	8	6	7	6	7	8	5	7	8	6	7	8	6	6	7	6	8	8	6	6	7	8	5	5	7	7	8	7	7	8	8	7	7	8	7	7	7	6	6	7	6	7	8
6	5	7	6	7	5	6	7	6	6	6	7	5	5	7	6	6	5	6	6	5	7	6	7	7	7	7	4	6	6	6	6	6	6	7	6	7	7	6	6	5	7	7	6	5	7	5	6	7	5	6	7	6	6	6	7	6	7	6	7	6	7	7	5	7	7	6	7	7	6	6	7	6	7	7	6	6	6	7	5	5	7	6	7	6	7	7	7	6	6	7	7	6	7	6	5	7	6	7	7
6	5	7	6	7	5	6	7	6	6	6	7	5	5	7	6	6	5	6	6	5	7	6	7	7	7	7	4	6	6	6	6	6	6	7	6	7	7	6	6	5	7	7	6	5	7	5	6	7	5	6	7	6	6	6	7	6	7	6	7	6	7	7	5	7	7	6	7	7	6	6	7	6	7	7	6	6	6	7	5	5	7	6	7	6	7	7	7	6	6	7	7	6	7	6	5	7	6	7	7
6	5	7	6	7	6	6	7	6	6	6	7	5	6	7	6	6	5	7	6	6	7	6	7	7	7	7	4	6	6	6	6	6	6	7	6	7	7	6	7	5	7	7	6	5	7	5	6	7	5	6	8	7	6	6	7	6	7	6	7	6	7	7	5	7	7	6	7	7	6	6	7	6	7	7	6	6	6	7	5	5	7	6	7	6	7	7	7	6	6	7	7	6	7	6	5	7	6	7	7
6	5	7	6	7	5	6	7	6	6	6	7	5	5	7	6	6	5	6	6	5	7	6	7	7	7	7	4	6	6	6	6	6	6	7	6	7	7	6	6	5	7	7	6	5	7	5	6	7	5	6	7	6	6	6	7	6	7	6	7	6	7	7	5	7	7	6	7	7	6	6	7	6	7	7	6	6	6	7	5	5	7	6	7	6	7	7	7	6	6	7	7	6	7	6	5	7	6	7	7
5	4	6	5	6	4	5	6	5	6	6	6	4	4	6	5	5	4	5	6	5	6	5	6	6	6	6	4	5	5	6	5	5	5	6	5	6	6	5	5	4	6	6	5	4	6	5	6	6	4	5	6	6	5	5	6	6	6	5	6	5	6	6	4	6	6	5	6	6	5	5	6	5	6	6	5	5	5	6	4	4	6	5	6	5	6	6	6	6	5	6	6	6	6	5	5	6	5	6	6
5	5	6	5	6	4	5	6	5	5	5	6	5	4	6	6	6	5	5	5	4	6	6	6	6	6	6	4	5	5	5	5	5	5	6	5	6	6	5	5	4	6	6	5	4	6	5	5	6	4	5	6	5	6	5	6	5	6	5	6	6	6	6	5	6	6	6	6	6	5	5	6	5	6	6	5	5	5	6	4	4	6	5	6	5	6	6	6	5	5	6	6	5	6	5	4	6	5	6	6
7	6	8	7	8	6	6	8	7	6	7	8	6	6	8	6	7	6	7	7	6	8	7	8	8	8	8	5	7	7	7	7	7	7	8	7	8	8	7	7	6	7	8	7	6	8	6	7	8	6	7	8	7	7	6	7	7	7	7	7	7	8	8	6	8	7	7	8	8	7	7	8	7	8	7	7	7	7	8	6	6	8	7	8	7	7	8	7	7	6	8	8	6	8	7	6	7	7	8	8
7	5	7	7	7	5	5	7	7	5	6	7	6	5	7	5	6	6	6	6	5	7	6	7	7	7	7	4	6	7	7	6	6	6	7	6	7	7	7	7	6	6	7	6	6	7	5	6	7	6	7	7	6	6	6	6	6	6	7	6	6	8	7	6	7	6	6	7	7	7	6	7	7	7	6	7	7	6	7	6	6	7	6	7	7	6	7	6	6	6	7	7	5	7	7	6	6	6	7	7
7	6	8	7	8	6	6	8	7	6	7	8	6	6	8	6	7	6	7	7	6	8	7	8	8	8	8	5	7	7	7	7	7	7	8	7	8	8	7	7	6	7	8	7	6	8	6	7	8	6	7	8	7	7	6	7	7	7	8	7	7	8	8	6	8	7	7	8	8	7	7	8	7	8	7	7	7	7	8	6	6	8	7	8	7	7	8	7	7	6	8	8	6	8	7	6	7	7	8	8
6	5	7	6	7	5	5	7	6	6	7	7	5	5	7	5	6	5	6	7	6	7	6	7	7	7	7	5	6	6	6	6	6	6	7	6	7	8	6	6	5	6	7	6	5	7	6	7	7	5	6	7	7	6	5	6	7	6	7	6	6	7	7	5	7	6	6	7	7	6	6	7	6	7	6	6	6	6	7	5	5	7	6	7	6	6	7	6	7	5	7	7	6	7	6	6	6	6	7	7
7	6	8	7	8	6	6	8	7	6	7	8	6	6	8	6	7	6	7	7	6	8	7	8	8	8	8	5	7	7	7	7	7	7	8	7	8	9	7	7	6	7	8	7	6	8	6	7	8	6	7	8	7	7	6	7	7	7	8	7	7	8	8	6	8	7	7	8	8	7	7	8	7	8	7	7	7	7	8	6	6	8	7	8	7	7	8	7	7	6	8	8	6	8	7	6	7	7	8	8
6	5	7	6	7	5	6	7	6	6	6	7	5	5	7	6	6	5	6	6	5	7	6	7	7	7	7	4	6	6	6	6	6	6	8	6	7	7	6	6	5	7	7	6	5	7	5	6	7	5	6	7	6	6	6	7	6	7	6	7	6	7	7	5	7	7	6	7	7	6	6	7	6	7	7	6	6	6	7	5	5	7	6	7	6	7	7	7	6	6	7	7	6	7	6	5	7	6	7	7
7	6	8	7	8	6	6	8	7	6	7	8	6	6	8	6	7	6	7	7	6	8	7	8	8	8	8	5	7	7	7	7	7	7	8	7	8	8	7	7	6	7	8	7	6	8	6	7	8	6	7	8	7	7	6	7	7	7	8	7	7	8	8	6	8	7	7	8	8	7	7	8	7	8	7	7	7	7	8	6	6	8	7	8	7	7	8	7	7	6	8	8	6	8	7	6	7	7	8	8
6	5	8	6	7	5	6	7	6	6	6	7	5	5	7	6	6	5	6	6	5	7	6	7	7	7	7	4	6	6	6	6	6	6	7	6	7	7	6	6	5	7	7	6	5	7	5	6	7	5	6	7	6	6	6	7	6	7	6	7	6	7	8	5	7	7	6	7	7	6	6	7	6	7	7	6	6	6	7	5	5	7	6	8	6	7	7	7	6	6	8	7	6	7	6	5	7	6	7	7
4	3	5	4	5	4	4	5	4	5	5	5	3	4	5	4	4	3	4	5	4	5	4	5	5	5	5	3	4	4	4	4	5	5	5	4	5	5	4	4	3	5	5	5	3	5	4	5	5	4	4	5	5	4	4	5	5	5	5	5	4	5	5	3	5	5	4	5	5	4	4	5	4	5	5	4	4	4	5	3	4	5	5	5	4	5	5	5	5	4	5	5	5	5	4	4	5	4	5	5
7	6	8	7	8	5	7	8	7	7	7	8	6	5	8	7	6	6	6	7	5	8	7	8	8	7	8	5	7	7	7	6	7	7	8	7	8	7	7	6	6	8	8	6	6	7	5	7	7	6	7	7	6	6	7	8	7	8	7	8	7	7	8	5	8	8	7	8	8	6	7	8	7	8	8	7	6	7	8	6	5	8	7	8	7	8	8	8	7	7	8	8	7	8	7	6	8	7	8	8
9	8	9	9	10	7	8	10	8	7	8	10	8	7	9	8	8	8	7	9	7	10	9	9	10	10	10	7	8	9	9	8	9	9	8	8	9	10	8	8	8	9	9	8	8	10	7	8	9	8	9	9	8	8	8	9	9	9	9	9	9	9	9	7	10	8	9	10	10	9	9	10	8	10	8	8	9	9	9	8	7	9	7	9	9	9	10	9	9	8	9	9	8	10	9	8	9	9	10	10
7	5	8	6	8	5	7	8	6	7	7	7	5	5	7	6	6	5	6	6	5	7	7	7	8	8	8	4	6	6	6	6	7	7	7	6	8	7	6	6	6	7	7	6	6	8	5	7	7	6	7	7	6	6	6	8	6	8	6	7	6	7	8	5	7	8	6	7	8	6	6	7	6	8	8	6	6	7	8	5	5	7	7	8	7	7	8	8	7	7	8	7	7	7	6	6	7	6	7	8
6	5	7	6	7	5	6	7	6	6	6	7	5	5	7	6	6	5	6	6	5	7	6	7	7	7	7	4	6	6	6	6	6	6	7	6	7	7	6	6	5	7	7	6	5	7	5	6	7	5	6	7	6	6	6	7	6	7	6	7	6	7	7	5	7	7	6	7	7	6	6	7	6	7	7	6	6	6	7	5	5	7	6	7	6	7	7	7	6	6	7	7	6	7	6	5	7	6	7	7
4	3	5	4	5	4	4	5	4	5	5	5	3	4	5	4	4	3	4	5	4	5	4	5	5	5	5	3	4	4	4	4	5	5	5	4	5	5	4	4	3	5	5	5	3	5	4	5	5	4	4	5	5	4	4	5	5	5	5	5	4	5	5	3	5	5	4	5	5	4	4	5	4	5	5	4	4	4	5	3	4	5	5	5	4	5	5	5	5	4	5	5	5	5	4	4	5	4	5	5
5	4	6	5	6	5	5	6	5	5	5	6	4	5	6	5	5	4	6	5	5	6	5	6	6	6	6	3	6	5	5	6	5	5	6	6	6	6	5	5	4	6	6	6	5	6	4	5	6	4	5	6	5	5	5	6	5	6	5	6	5	6	6	4	6	6	5	6	6	5	6	6	5	6	6	5	5	6	6	4	4	7	5	6	5	6	6	6	5	5	6	6	5	6	5	4	6	5	6	6
6	5	7	6	7	5	6	7	6	6	6	7	5	5	7	6	6	5	6	6	5	7	6	7	7	7	7	4	6	6	6	6	6	6	7	6	7	7	6	6	5	7	7	6	5	7	5	6	7	5	6	7	6	6	6	7	6	7	6	7	6	7	7	5	7	7	6	7	7	6	6	7	6	7	7	6	6	6	7	5	5	7	6	7	6	7	7	7	6	6	7	7	6	7	6	5	7	6	7	7
6	5	7	6	7	5	6	7	6	6	6	7	5	5	7	6	6	5	6	6	5	7	6	7	7	7	7	4	6	6	6	7	6	6	7	7	7	7	6	6	5	7	7	7	5	7	5	6	7	5	6	7	6	6	6	7	6	7	6	7	6	7	7	5	7	7	6	7	7	6	6	7	6	7	7	6	6	6	7	5	5	8	6	7	6	7	7	7	6	6	7	7	6	7	6	5	7	6	7	7
6	5	7	6	7	5	6	7	6	6	6	7	5	5	7	6	6	5	6	6	5	7	6	7	7	7	7	4	6	6	6	6	6	6	7	6	7	7	6	6	5	7	7	6	5	7	5	6	7	5	6	7	6	6	6	7	6	7	6	7	6	7	7	5	7	7	6	7	7	6	6	7	6	7	7	6	6	6	7	5	5	7	6	7	6	7	7	7	6	6	7	7	6	7	6	5	7	6	7	7
6	5	7	6	7	6	5	7	6	5	6	7	5	6	7	5	6	5	6	6	5	7	6	7	7	7	7	4	6	6	6	6	7	7	7	6	7	7	6	6	5	6	7	7	5	7	5	6	7	6	6	7	6	6	5	6	6	6	8	6	6	8	7	5	7	6	6	7	7	6	6	7	6	7	6	6	6	6	7	5	6	7	7	7	6	6	7	6	6	5	7	7	5	7	6	5	6	6	7	7
8	7	9	8	9	7	7	9	8	6	7	9	7	7	9	7	8	7	7	8	7	9	8	9	9	9	9	6	8	8	8	8	8	8	8	8	8	9	7	8	7	8	8	8	7	9	7	7	9	7	8	9	8	8	7	8	8	8	9	8	8	9	9	7	9	8	8	9	9	8	8	9	8	9	8	8	8	8	9	7	7	9	7	9	8	8	9	8	8	7	9	9	7	9	8	7	8	8	9	9
7	5	7	7	7	5	5	7	7	5	6	7	6	5	7	5	6	6	6	6	5	7	6	7	7	7	7	4	6	7	7	6	6	6	7	6	7	7	7	8	6	6	7	6	6	7	5	6	7	6	7	7	6	6	6	6	6	6	7	6	6	8	7	6	7	6	6	7	7	7	6	7	7	7	6	7	7	6	7	6	6	7	6	7	7	6	7	6	6	6	7	7	5	7	7	6	6	6	7	7
6	5	7	6	7	5	6	7	6	6	6	7	5	5	7	6	6	5	6	6	5	7	6	7	7	7	7	4	6	6	6	6	6	6	7	6	7	7	6	6	5	7	7	6	5	7	5	6	7	5	6	7	6	6	6	7	6	7	6	7	6	7	7	5	7	7	6	7	7	6	6	7	6	7	7	6	6	6	7	5	5	7	6	7	6	7	7	7	6	6	7	7	6	7	6	5	7	6	7	7
7	6	8	7	8	6	6	8	7	6	7	8	6	6	8	6	7	6	7	7	6	8	7	8	8	8	8	5	7	7	7	7	7	7	8	7	8	8	7	7	6	7	8	7	6	8	6	7	8	6	7	8	7	7	6	7	7	7	7	7	7	8	8	6	8	7	7	8	8	7	7	8	7	8	7	7	7	7	8	6	6	8	7	8	7	7	8	7	7	6	8	8	6	8	7	6	7	7	8	8
7	6	8	7	8	7	6	8	7	5	6	8	6	7	8	6	7	6	7	7	7	8	7	8	8	8	8	5	8	7	7	7	7	7	7	7	7	8	6	7	6	7	7	7	7	8	6	6	8	6	7	8	7	7	6	7	7	7	8	7	7	8	8	6	8	7	7	8	8	7	8	8	7	8	7	7	7	8	8	6	6	8	6	8	7	7	8	7	7	6	8	8	6	8	7	6	7	7	8	8
6	5	7	6	7	5	6	7	6	6	6	7	5	5	7	6	6	5	6	6	5	7	6	7	7	7	7	4	6	6	6	7	6	6	7	7	7	7	6	6	5	7	7	7	5	7	5	6	7	5	6	7	6	6	6	7	6	7	6	7	6	7	7	5	7	7	6	7	7	6	6	7	6	7	7	6	6	6	7	5	5	8	6	7	6	7	7	7	6	6	7	7	6	7	6	5	7	6	7	7
7	6	8	7	8	6	6	8	7	6	7	8	6	6	8	6	7	6	7	7	6	8	7	8	8	8	8	5	7	7	7	7	7	7	8	7	8	9	7	7	6	7	8	7	6	8	6	7	8	6	7	8	7	7	6	7	7	7	8	7	7	8	8	6	8	7	7	8	8	7	7	8	7	8	7	7	7	7	8	6	6	8	7	8	7	7	8	7	7	6	8	8	6	8	7	6	7	7	8	8
6	5	7	6	7	5	6	7	6	6	6	7	5	5	7	6	6	5	6	6	5	7	6	7	7	7	7	4	6	6	6	7	6	6	7	7	7	7	6	6	5	7	7	7	5	7	5	6	7	5	6	7	6	6	6	7	6	7	6	7	6	7	7	5	7	7	6	7	7	6	6	7	6	7	8	6	6	6	7	5	5	8	6	7	6	7	7	7	6	6	7	7	6	7	6	5	7	6	7	7
7	6	8	7	8	5	7	8	7	7	7	8	6	5	8	7	6	6	6	7	5	8	7	8	8	7	8	5	7	7	7	6	7	7	8	7	8	7	7	6	6	8	8	6	7	7	5	7	7	6	7	7	6	6	7	8	7	8	7	8	7	7	8	5	8	8	7	8	8	6	7	8	7	8	8	7	6	7	8	6	5	8	7	8	7	8	8	8	7	7	8	8	7	8	7	6	8	7	8	8
7	6	8	7	8	6	6	8	7	6	7	8	6	6	8	6	7	6	7	7	6	8	7	8	8	8	8	5	7	7	7	7	7	7	8	7	8	8	7	7	6	7	8	7	6	8	6	7	8	6	7	8	7	7	6	7	7	7	8	7	7	8	8	6	8	7	7	8	8	7	7	8	7	8	7	7	7	7	8	6	6	8	7	8	7	7	8	7	7	6	8	8	6	8	7	6	7	7	8	8
7	5	7	7	7	5	5	7	7	5	6	7	6	5	7	5	6	6	6	6	5	7	6	7	7	7	7	4	6	7	7	6	6	6	7	6	7	7	7	7	6	6	7	6	6	7	5	6	7	6	7	7	6	6	6	6	6	6	7	6	6	7	7	6	7	6	6	7	7	7	6	7	7	7	6	7	7	6	7	6	6	7	6	7	7	6	7	6	6	6	7	7	5	7	7	6	6	6	7	7
6	5	7	6	7	5	6	7	6	6	6	7	5	5	7	6	6	5	6	6	5	7	6	7	7	7	7	4	6	6	6	6	6	6	7	6	7	7	6	6	5	7	7	6	5	7	5	6	7	5	6	7	6	6	6	7	6	7	6	7	6	7	7	5	7	7	6	7	7	6	6	7	6	7	7	6	6	6	7	5	5	7	6	7	6	7	7	7	6	6	7	7	6	7	6	5	7	6	7	7
5	4	6	5	6	6	5	6	5	5	5	6	4	6	6	5	5	4	7	5	6	6	5	6	6	6	6	3	6	5	5	5	5	5	6	5	6	6	5	6	4	6	6	5	5	6	4	5	6	4	5	7	6	5	5	6	5	6	5	6	5	6	6	4	6	6	5	6	6	5	6	6	5	6	6	5	5	6	6	4	4	6	5	6	5	6	6	6	5	5	6	6	5	6	5	4	6	5	6	6
7	6	8	7	8	5	7	8	7	7	7	8	6	5	8	7	6	6	6	7	5	8	7	8	8	7	8	5	7	7	7	6	7	7	8	7	8	7	7	6	6	8	8	6	6	7	5	7	7	6	7	7	6	6	7	8	7	8	7	8	7	7	8	5	8	8	7	8	8	6	7	8	7	8	8	7	6	7	8	6	5	8	7	8	7	8	8	8	7	7	8	8	7	8	7	6	8	7	8	8
6	5	7	6	7	5	6	7	6	6	6	7	5	5	7	6	6	5	6	6	5	7	6	7	7	7	7	4	6	6	6	7	6	6	7	7	7	7	6	6	5	7	7	7	5	7	5	6	7	5	6	7	6	6	6	7	6	7	6	7	6	7	7	5	7	7	6	7	7	6	6	7	6	7	7	6	6	6	7	5	5	8	6	7	6	7	7	7	6	6	7	7	6	7	6	5	7	6	7	7
6	5	7	6	7	5	6	7	6	6	6	7	5	5	7	6	6	5	6	6	5	7	6	7	7	7	7	4	6	6	6	6	6	6	7	6	7	7	6	6	5	7	7	6	5	7	5	6	7	5	6	7	6	6	6	7	6	7	6	7	6	7	7	5	7	7	6	7	7	6	6	7	6	7	7	6	6	6	7	5	5	7	6	7	6	7	7	7	6	6	7	7	6	7	6	5	7	6	7	7
8	7	9	8	9	7	7	9	8	6	7	9	7	7	9	7	8	7	7	8	7	9	8	9	9	9	9	6	8	8	8	8	8	8	8	8	8	9	7	8	7	8	8	8	7	9	7	7	9	7	8	9	8	8	7	8	8	8	8	8	8	9	9	7	9	8	8	9	9	8	8	9	8	9	8	8	8	8	9	7	7	9	7	9	8	8	9	8	8	7	9	9	7	9	8	7	8	8	9	9
6	5	7	6	7	5	6	7	6	6	6	7	5	5	7	6	6	5	6	6	5	7	6	7	7	7	7	4	6	6	6	6	6	6	7	6	7	7	6	6	5	7	7	6	5	7	5	6	7	5	6	7	6	6	6	7	6	7	6	7	6	7	7	5	7	7	6	7	7	6	6	7	6	7	7	6	6	6	7	5	5	7	6	7	6	7	7	7	6	6	7	7	6	7	6	5	7	6	7	7
7	5	8	6	8	5	7	8	7	7	7	7	5	5	7	6	6	5	6	6	5	7	7	7	8	8	8	4	6	6	6	6	7	7	7	6	8	7	6	6	6	7	7	6	6	8	5	7	7	6	7	7	6	6	6	8	6	8	6	7	6	7	8	5	7	8	6	7	8	6	6	7	6	8	8	6	6	7	8	5	5	7	7	8	7	7	8	8	7	7	8	7	7	7	6	6	7	6	7	8
6	5	7	6	7	5	6	7	6	6	6	7	5	5	7	6	6	5	6	6	5	7	6	7	7	7	7	4	6	6	6	6	6	6	7	6	7	7	6	6	5	7	7	6	5	7	5	6	7	5	6	7	6	6	6	7	6	7	6	7	6	7	7	5	7	7	6	7	7	6	6	7	6	7	7	6	6	6	7	5	5	7	6	7	6	7	7	7	6	6	7	7	6	7	6	5	7	6	7	7
6	6	7	6	7	5	5	7	6	5	6	7	6	5	7	6	7	6	6	6	5	7	7	7	7	7	7	5	6	6	6	6	6	6	7	6	7	7	6	6	5	6	7	6	5	7	6	6	7	5	6	7	6	7	5	6	6	6	7	6	7	7	7	6	7	6	7	7	7	6	6	7	6	7	6	6	6	6	7	5	5	7	6	7	6	6	7	6	6	5	7	7	5	7	6	5	6	6	7	7
5	4	6	5	6	5	5	6	5	5	5	6	4	5	6	5	5	4	5	5	4	6	5	6	6	6	6	3	5	5	5	5	6	6	6	5	6	6	5	5	4	6	6	6	4	6	4	5	6	5	5	6	5	5	5	6	5	6	6	6	5	6	6	4	6	6	5	6	6	5	5	6	5	6	6	5	5	5	6	4	5	6	6	6	5	6	6	6	5	5	6	6	5	6	5	4	6	5	6	6
6	5	7	6	7	5	6	7	6	6	6	7	5	5	7	6	5	5	5	6	4	7	6	7	7	6	7	4	6	6	6	5	7	7	7	6	7	6	6	5	5	7	7	6	5	6	4	6	6	6	6	6	5	5	6	7	6	7	7	7	6	6	7	4	7	7	6	7	7	5	6	7	6	7	7	6	5	6	7	5	5	7	7	7	6	7	7	7	6	6	7	7	6	7	6	5	7	6	7	7
6	5	7	6	8	6	5	7	6	5	6	7	5	6	7	5	6	5	7	6	6	7	7	7	7	7	7	4	7	6	6	6	6	6	7	6	7	7	6	6	5	6	7	6	6	7	5	6	7	5	6	7	6	6	5	6	6	6	7	6	6	7	7	5	7	6	6	7	8	6	7	7	6	8	6	6	6	7	8	5	5	7	6	7	7	6	8	6	7	5	7	7	5	7	6	5	6	6	7	7
6	5	7	6	7	5	6	7	6	6	6	7	5	5	7	6	6	5	6	6	5	7	6	7	7	7	7	4	6	6	6	6	6	6	7	6	7	7	6	6	5	7	7	6	5	7	5	6	7	5	6	7	6	6	6	7	6	7	6	7	6	7	7	5	7	7	6	7	7	6	6	7	6	7	7	6	6	6	7	5	5	7	6	7	6	7	7	7	6	6	7	7	6	7	6	5	7	6	7	7
7	6	8	7	8	5	7	8	7	7	7	8	6	5	8	7	6	6	6	7	5	8	7	8	8	7	8	5	7	7	7	6	7	7	8	7	8	7	7	6	6	8	8	6	6	7	5	7	7	6	7	7	6	6	7	8	7	8	7	8	7	7	8	5	8	8	7	8	8	6	7	8	7	8	8	7	6	7	8	6	5	8	7	8	7	8	8	8	7	7	8	8	7	8	7	6	8	7	8	8
7	5	7	7	7	5	5	7	7	5	6	7	6	5	7	5	6	6	6	6	5	7	6	7	7	7	7	4	6	7	7	6	6	6	7	6	7	7	7	7	6	6	7	6	6	7	5	6	7	6	7	7	6	6	6	6	6	6	7	6	6	7	7	6	7	6	6	7	7	7	6	7	7	7	6	7	7	6	7	6	6	7	6	7	7	6	7	6	6	6	7	7	5	7	7	6	6	6	7	7
6	5	7	6	7	5	6	7	6	6	6	7	5	5	7	6	6	5	6	6	5	7	6	7	7	7	7	4	6	6	6	6	6	6	7	6	7	7	6	6	5	7	7	6	5	7	5	6	7	5	6	7	6	6	6	7	6	7	6	7	6	7	7	5	7	7	6	7	7	6	6	7	6	7	7	6	6	6	7	5	5	7	6	7	6	7	7	7	6	6	7	7	6	7	6	5	7	6	7	7
6	5	7	6	7	5	6	7	6	6	6	7	5	5	7	6	6	5	6	6	5	7	6	7	7	7	7	4	6	6	6	6	6	6	7	6	7	7	6	6	5	7	7	6	5	7	5	6	7	5	6	7	6	6	6	7	6	7	6	7	6	7	7	5	7	7	6	7	7	6	6	7	6	7	7	6	6	6	7	5	5	7	6	7	6	7	7	7	6	6	7	7	6	7	6	5	7	6	7	7
5	5	6	5	6	4	5	6	5	5	5	6	4	4	6	5	5	4	5	5	4	6	5	6	6	6	6	4	5	5	5	5	5	5	6	6	6	6	5	5	4	6	6	5	4	6	4	5	6	4	5	6	5	5	5	6	5	6	5	6	5	6	6	4	6	6	5	6	6	5	5	6	5	6	6	5	5	5	6	4	4	6	5	6	5	6	6	6	5	5	6	6	5	6	5	4	6	5	6	6
6	5	7	6	7	5	6	7	6	6	6	7	5	5	7	6	6	5	6	6	5	7	6	7	7	7	7	4	6	6	6	6	6	6	7	6	7	7	6	6	5	7	7	6	5	7	5	6	7	5	6	7	6	6	7	7	6	7	6	7	6	7	7	5	7	7	6	7	7	6	6	7	6	7	7	6	6	6	7	5	5	7	6	7	6	7	7	7	6	6	7	7	6	7	6	5	7	6	7	7
5	4	6	5	6	5	5	6	5	5	5	6	4	5	6	5	5	4	6	5	5	6	5	6	6	6	6	3	6	5	5	5	5	5	6	5	6	6	5	5	4	6	7	5	5	6	4	5	6	4	5	6	5	5	5	6	6	6	5	6	5	6	6	4	6	6	5	6	6	5	7	6	5	6	6	5	5	6	6	4	4	6	5	6	5	6	6	6	5	5	6	6	5	6	5	4	7	5	6	6
6	5	7	6	7	5	6	7	6	6	6	7	5	5	7	6	6	5	6	6	5	7	6	7	7	7	7	4	6	6	6	6	6	6	7	6	7	7	6	6	5	7	7	6	5	7	5	6	7	5	6	7	6	6	6	7	6	7	6	7	6	7	7	5	7	7	6	7	7	6	6	7	6	7	7	6	6	6	7	5	5	7	6	7	6	7	7	7	6	6	7	7	6	7	6	5	7	6	7	7
7	6	8	7	8	5	7	8	7	7	7	8	6	5	8	7	6	6	6	7	5	8	7	8	8	7	8	5	7	7	7	6	7	7	8	7	8	7	7	6	6	8	8	6	6	7	5	7	7	6	7	7	6	6	7	8	7	8	7	8	7	7	8	5	8	8	7	8	8	6	7	8	7	8	8	7	6	7	8	6	5	8	7	8	7	8	8	8	7	7	8	8	7	8	7	6	8	7	8	8
