Deck Distance Score for: 
      Results/UntilAvg60Run/FROM_null_WITH_r4_c0 (Left side from top to bottom)
and   Results/UntilAvg60Run/FROM_null_WITH_r6_c0 (Top side from left to right)

Similarity: 16,13% (Score: 29026/180000) 

3	3	3	3	3	3	3	3	3	3	3	3	3	3	3	3	2	3	2	3	3	3	3	3	3	3	4	3	3	3	3	3	3	3	3	3	3	3	3	3	3	3	3	3	2	3	3	3	3	3	3	2	3	3	3	3	3	3	3	3	3	2	3	2	3	3	3	3	3	3	3	3	3	3	3	3	3	3	3	3	2	3	3	3	3	3	3	3	2	3	3	3	3	3	3	2	3	2	3	3
4	4	4	4	4	3	4	4	3	3	3	4	3	4	4	4	2	3	2	4	3	3	3	4	4	3	4	3	4	4	3	4	4	4	4	4	4	4	3	3	3	4	4	4	3	4	3	4	3	4	3	2	4	4	3	3	3	4	4	4	4	2	4	3	3	4	4	4	3	3	3	4	3	4	4	4	3	4	4	3	3	4	3	4	4	4	4	4	3	3	4	4	4	4	4	2	3	3	4	4
4	4	3	4	4	3	4	4	3	3	3	3	4	3	3	3	2	3	2	4	3	3	3	4	3	3	4	3	4	3	3	4	3	3	4	4	4	3	3	3	3	3	3	3	2	3	3	3	3	3	3	2	3	4	3	3	3	4	4	3	3	2	3	3	3	3	4	3	3	3	3	4	3	3	3	3	3	3	4	4	2	4	3	3	3	3	3	4	2	3	3	3	3	4	3	2	3	2	4	4
2	2	2	2	2	2	2	2	2	2	2	2	2	2	2	2	1	2	2	2	2	2	2	2	2	2	2	2	2	2	2	2	2	2	2	3	2	2	2	2	2	2	2	2	2	2	2	2	2	2	2	1	2	2	2	2	2	2	2	2	2	1	2	1	2	2	2	2	2	2	2	2	2	2	2	2	2	2	2	2	1	2	2	2	2	2	2	2	2	2	2	2	2	2	2	1	2	2	2	2
3	3	3	3	3	3	3	3	3	3	3	3	3	3	3	3	2	3	2	3	3	3	3	3	3	3	3	3	3	3	3	3	3	3	3	4	3	3	3	3	3	3	3	3	2	3	3	3	3	3	3	2	3	3	3	3	3	3	3	3	3	2	3	2	3	3	3	3	3	3	3	3	3	3	3	3	3	3	3	3	2	3	3	3	3	3	3	3	2	3	3	3	3	3	3	2	3	2	3	3
3	3	3	3	3	3	3	3	3	3	3	3	3	3	3	3	2	3	2	3	3	3	3	3	3	3	3	3	3	3	3	3	3	3	3	4	3	3	3	3	3	3	3	3	2	3	3	3	3	3	3	2	3	3	3	3	3	3	3	3	3	2	3	2	3	3	3	3	3	3	3	3	3	3	3	3	3	3	3	3	2	3	3	3	3	3	3	3	2	3	3	3	3	3	3	2	3	2	3	3
3	3	3	3	3	3	3	3	3	3	3	3	3	3	3	3	2	3	2	3	3	3	3	3	3	3	3	3	3	3	3	3	3	3	3	4	3	3	3	3	3	3	3	3	2	3	3	3	3	3	3	2	3	3	3	3	3	3	3	3	3	2	3	2	3	3	3	3	3	3	3	3	3	3	3	3	3	3	3	3	2	3	3	3	3	3	3	3	2	3	3	3	3	3	3	2	3	2	3	3
3	3	3	3	3	3	3	3	3	3	3	3	3	3	3	3	2	3	2	3	3	3	3	3	3	3	3	3	3	3	3	3	3	3	3	4	3	3	3	3	3	3	3	3	2	3	3	3	3	3	3	2	3	3	3	3	3	3	3	3	3	2	3	2	3	3	3	3	3	3	3	3	3	3	3	3	3	3	3	3	2	3	3	3	3	3	3	3	2	3	3	3	3	3	3	2	3	2	3	3
3	2	2	2	2	2	2	2	2	2	2	2	2	2	2	2	1	2	2	2	2	2	2	2	2	2	2	2	2	2	2	2	2	2	2	3	2	2	2	2	2	2	2	2	1	2	2	2	2	2	2	1	2	2	2	2	2	2	2	2	2	1	2	1	2	2	2	2	2	2	2	2	2	2	2	2	2	2	2	2	1	2	2	2	2	2	2	2	2	2	2	2	2	2	2	1	2	2	2	2
4	4	3	4	4	3	4	4	3	3	3	3	4	3	3	3	2	3	2	4	3	3	3	4	3	3	4	3	4	3	3	4	3	3	4	4	4	3	3	3	3	3	3	3	2	3	3	3	3	3	3	2	3	4	3	3	3	4	4	3	3	2	3	3	3	3	4	3	3	3	3	4	3	3	3	3	3	3	4	4	2	4	3	3	3	3	3	4	2	3	3	3	3	4	3	2	3	2	4	4
3	3	3	3	3	3	3	3	3	3	3	3	3	3	3	3	2	3	2	3	3	3	3	3	3	3	3	3	3	3	3	3	3	3	3	4	3	3	3	3	3	3	3	3	2	3	3	3	3	3	3	2	3	3	3	3	3	3	3	3	3	2	3	2	3	3	3	3	3	3	3	3	3	3	3	3	3	3	3	3	2	3	3	3	3	3	3	3	2	3	3	3	3	3	3	2	3	2	3	3
4	4	4	4	4	3	4	4	3	3	3	4	3	4	4	4	2	3	2	4	3	3	3	4	4	3	4	3	4	4	3	4	4	4	4	4	4	4	3	3	3	4	4	4	3	4	3	4	3	4	3	2	4	4	3	3	3	4	4	4	4	2	4	3	3	4	4	4	3	3	3	4	3	4	4	4	3	4	4	3	3	4	3	4	4	4	4	4	3	3	4	4	4	4	4	2	3	3	4	4
3	3	3	3	3	4	3	3	4	4	4	3	3	3	3	3	3	3	3	3	4	3	4	3	3	4	3	4	3	3	4	3	3	3	3	4	3	3	3	4	4	3	3	3	2	3	3	3	3	3	3	3	3	3	3	3	4	3	3	3	3	3	3	2	4	3	3	3	4	4	4	3	3	3	3	3	4	3	3	3	2	3	4	3	3	3	3	3	2	4	3	3	3	3	3	3	4	2	3	3
3	3	3	3	3	3	3	3	3	3	3	3	3	3	3	3	2	3	2	3	3	3	3	3	3	3	3	3	3	3	3	3	3	3	3	4	3	3	3	3	3	3	3	4	2	3	3	3	3	3	3	2	3	3	3	3	3	3	3	3	3	2	3	2	3	3	3	3	3	3	3	3	3	3	3	3	3	3	3	3	2	3	3	3	3	3	3	3	2	3	3	3	3	3	3	2	3	2	3	3
3	3	3	3	3	3	3	3	3	3	3	3	3	3	3	3	2	3	2	3	3	3	3	3	3	3	3	3	3	3	3	3	3	3	3	4	3	3	3	3	3	3	3	3	2	3	3	3	3	3	3	2	3	3	3	3	3	3	3	3	3	2	3	2	3	3	3	3	3	3	3	3	3	3	3	3	3	3	3	3	2	3	3	3	3	3	3	3	2	3	3	3	3	3	3	2	3	2	3	3
3	3	3	3	3	3	3	3	3	3	3	3	3	3	3	3	2	3	2	3	3	3	3	3	3	3	3	3	3	3	3	3	3	3	3	3	3	3	3	3	3	3	3	3	2	3	3	3	3	3	3	2	3	3	3	3	3	3	3	3	3	2	3	2	3	3	3	3	3	3	3	3	3	3	3	3	3	3	3	3	2	3	3	3	3	3	3	3	2	3	3	3	3	3	3	2	3	2	3	3
3	3	3	3	3	3	3	3	3	3	3	3	3	3	3	3	2	3	2	3	3	3	3	3	3	3	3	3	3	3	3	3	3	3	3	4	3	3	3	3	3	3	3	3	2	3	3	3	3	3	3	2	3	3	3	3	3	3	3	3	3	2	3	2	3	3	3	3	3	3	3	3	3	3	3	3	3	3	3	3	2	3	3	3	3	3	3	3	2	3	3	3	3	3	3	2	3	2	3	3
3	4	3	4	3	3	4	3	3	3	3	3	3	3	3	3	2	3	2	4	3	3	3	4	3	3	3	3	3	3	3	4	3	3	4	4	4	3	3	3	3	3	3	3	3	3	3	3	3	3	3	2	3	3	3	3	3	4	3	3	3	2	3	3	3	3	3	3	3	3	3	4	3	3	3	3	3	3	4	3	2	4	3	3	3	3	3	4	2	3	3	3	3	3	3	2	3	2	4	4
3	3	3	3	3	3	3	3	3	3	3	3	3	3	3	3	2	3	2	3	3	3	3	3	3	3	3	3	3	3	3	3	3	3	3	4	3	3	3	3	3	3	3	3	2	3	3	3	3	3	3	2	3	3	3	3	3	3	3	3	3	2	3	2	3	3	3	3	3	3	3	3	3	3	3	3	3	3	3	3	2	3	3	3	3	3	3	3	2	3	3	3	3	3	3	2	3	2	3	3
3	3	3	3	3	3	3	3	3	3	3	3	3	3	3	3	2	3	2	3	3	3	3	3	3	3	3	3	3	3	3	3	3	3	3	4	3	3	3	3	3	3	3	3	2	3	3	3	3	3	3	2	3	3	3	3	3	3	3	3	3	2	3	2	3	3	3	3	3	3	3	3	3	3	3	3	3	3	3	3	2	3	3	3	3	3	3	3	2	3	3	3	3	3	3	2	3	2	3	3
3	3	3	3	3	3	3	3	3	3	3	3	3	3	3	3	2	3	2	3	3	3	3	3	3	3	3	3	3	3	3	3	3	3	3	4	3	3	3	3	3	3	3	3	2	3	3	3	3	3	3	2	3	3	3	3	3	3	3	3	3	2	3	2	3	3	3	3	3	3	3	3	3	3	3	3	3	3	3	3	2	3	3	3	3	3	3	3	2	3	3	3	3	3	3	2	3	2	3	3
3	3	3	3	3	3	3	3	3	3	3	3	3	3	3	3	2	3	2	3	3	3	3	3	3	3	3	3	3	3	3	3	3	3	3	4	3	3	3	3	3	3	3	4	2	3	3	3	3	3	3	2	3	3	3	3	3	3	3	3	3	2	3	2	3	3	3	3	3	3	3	3	3	3	3	3	3	3	3	3	2	3	3	3	3	3	3	3	2	3	3	3	3	3	3	2	3	2	3	3
3	3	3	3	3	3	3	3	3	3	3	3	3	3	3	3	2	3	2	3	3	3	3	3	3	3	3	3	3	3	3	3	3	3	3	4	3	3	3	3	3	3	3	3	2	3	3	3	3	3	3	2	3	3	3	3	3	3	3	3	3	2	3	2	3	3	3	3	3	3	3	3	3	3	3	3	3	3	3	3	2	3	3	3	3	3	3	3	2	3	3	3	3	3	3	2	3	2	3	3
4	4	3	4	4	3	4	4	3	3	3	3	4	3	3	3	2	3	2	4	3	3	3	4	3	3	4	3	4	3	3	4	3	3	4	4	4	3	3	3	3	3	3	3	3	3	3	3	3	3	3	2	3	4	3	3	3	4	4	3	3	2	3	3	3	3	4	3	3	3	3	4	3	3	3	3	3	3	4	4	2	4	3	3	3	3	3	4	2	3	3	3	3	4	3	2	3	2	4	4
3	3	3	3	3	3	3	3	3	3	3	3	3	3	3	3	2	3	2	3	3	3	3	3	3	3	3	3	3	3	3	3	3	3	3	4	3	3	3	3	3	3	3	4	2	3	3	3	3	3	3	2	3	3	3	3	3	3	3	3	3	2	3	2	3	3	3	3	3	3	3	3	3	3	3	3	3	3	3	3	2	3	3	3	3	3	3	3	2	3	3	3	3	3	3	2	3	2	3	3
3	3	3	3	3	3	3	3	3	3	3	3	3	3	3	3	2	3	2	3	3	3	3	3	3	3	3	3	3	3	3	3	3	3	3	4	3	3	3	3	3	3	3	4	2	3	3	3	3	3	3	2	3	3	3	3	3	3	3	3	3	2	3	2	3	3	3	3	3	3	3	3	3	3	3	3	3	3	3	3	2	3	3	3	3	3	3	3	2	3	3	3	3	3	3	2	3	2	3	3
3	3	3	3	3	3	3	3	3	3	3	3	3	3	3	3	2	3	2	3	3	3	3	3	3	3	3	3	3	3	3	3	3	3	3	4	3	3	3	3	3	3	3	4	2	3	3	3	3	3	3	2	3	3	3	3	3	3	3	3	3	2	3	2	3	3	3	3	3	3	3	3	3	3	3	3	3	3	3	3	2	3	3	3	3	3	3	3	2	3	3	3	3	3	3	2	3	2	3	3
3	3	3	3	3	3	3	3	3	3	3	3	3	3	3	3	2	3	2	3	3	3	3	3	3	3	3	3	3	3	3	3	3	3	3	4	3	3	3	3	3	3	3	3	2	3	3	3	3	3	3	2	3	3	3	3	3	3	3	3	3	2	3	2	3	3	3	3	4	3	3	3	3	3	3	3	3	3	3	3	2	3	3	3	3	3	3	3	2	3	3	3	3	3	3	2	3	2	3	3
3	3	3	3	3	3	3	3	3	3	3	3	3	3	3	3	2	3	2	3	3	3	3	3	3	3	3	3	3	3	3	3	3	3	3	4	3	3	3	3	3	3	3	3	2	3	3	3	3	3	3	2	3	3	3	3	3	3	3	3	3	2	3	2	3	3	3	3	3	3	3	3	3	3	3	3	3	3	3	3	2	3	3	3	3	3	3	3	2	3	3	3	3	3	3	2	3	2	3	3
3	3	3	3	3	4	3	3	3	3	3	3	3	3	3	3	2	3	2	3	3	3	3	3	3	3	3	3	3	3	3	3	3	3	3	4	3	3	3	3	3	3	3	3	2	3	3	3	3	3	3	2	3	3	3	3	3	3	3	3	3	2	3	2	3	3	3	3	3	3	3	3	3	3	3	3	3	3	3	3	2	3	3	3	3	3	3	3	2	3	3	3	3	3	3	2	3	2	3	3
3	3	3	3	3	4	3	3	4	4	4	3	3	3	3	3	3	3	3	3	4	3	4	3	3	5	3	4	3	3	4	3	3	3	3	3	3	3	3	4	4	3	3	3	2	3	3	3	3	3	3	3	3	3	3	3	4	3	3	3	3	3	3	2	4	3	3	3	4	5	4	3	3	3	3	3	4	3	3	3	2	3	4	3	3	3	3	3	2	4	3	3	3	3	3	3	4	2	3	3
3	3	3	3	3	3	3	3	3	3	3	3	3	3	3	3	2	3	2	3	3	3	3	3	3	3	3	3	3	3	3	3	3	3	3	4	3	3	3	3	3	3	3	3	2	3	3	3	3	3	3	2	3	3	3	3	3	3	3	3	3	2	3	2	3	3	3	3	3	3	3	3	3	3	3	3	3	3	3	3	2	3	3	3	3	3	3	3	2	3	3	3	3	3	3	2	3	2	3	3
3	3	3	3	3	3	3	3	3	3	3	3	3	3	3	3	2	3	2	3	3	3	3	3	3	3	4	3	3	3	3	3	3	3	3	4	3	3	3	3	3	3	3	3	2	3	3	3	3	3	3	2	3	3	3	3	3	3	3	3	3	2	3	2	3	3	3	3	3	3	3	3	3	3	3	3	3	3	3	3	2	3	3	3	3	3	3	3	2	3	3	3	3	3	3	2	3	2	3	3
4	3	3	3	3	3	3	3	3	3	3	3	3	3	3	3	2	3	2	3	3	3	3	3	3	3	3	3	3	3	3	3	3	3	3	4	3	3	3	3	3	3	3	3	2	3	3	3	3	3	3	2	3	3	3	3	3	3	3	3	3	2	3	2	3	3	3	3	3	3	3	3	3	3	3	3	3	3	3	3	2	3	3	3	3	3	3	3	2	3	3	3	3	3	3	2	3	2	3	3
3	3	3	3	3	4	3	3	4	4	4	3	3	3	3	3	3	3	3	3	4	3	4	3	3	4	3	4	3	3	4	3	3	3	3	3	3	3	3	4	4	3	3	3	2	3	3	3	3	3	3	3	3	3	3	3	4	3	3	3	3	3	3	2	4	3	3	3	4	4	4	3	3	3	3	3	4	3	3	3	2	3	4	3	3	3	3	3	2	4	3	3	3	3	3	3	4	2	3	3
3	3	3	3	3	3	3	3	3	3	3	3	3	3	3	3	2	3	2	3	3	3	3	3	3	3	3	3	3	3	3	3	3	3	3	4	3	3	3	3	3	3	3	3	2	3	3	3	3	3	3	2	3	3	3	3	3	3	3	3	3	2	3	2	3	3	3	3	4	3	3	3	3	3	3	3	3	3	3	3	2	3	3	3	3	3	3	3	2	3	3	3	3	3	3	2	3	2	3	3
2	2	2	2	2	2	2	2	2	2	2	2	2	2	2	2	2	2	1	2	2	2	2	2	2	2	2	2	2	2	2	2	2	2	2	3	2	2	2	2	2	2	2	2	1	2	2	2	2	2	2	1	2	2	2	2	2	2	2	2	2	1	2	2	2	2	2	2	2	2	2	2	2	2	2	2	2	2	2	2	1	2	2	2	2	2	2	2	1	2	2	2	2	2	2	1	2	1	2	2
3	3	3	3	3	4	3	3	4	4	4	3	3	3	3	3	3	3	3	3	4	3	4	3	3	4	3	4	3	3	4	3	3	3	3	3	3	3	3	4	4	3	3	3	2	3	3	3	3	3	3	3	3	3	3	3	4	3	3	3	3	3	3	2	4	3	3	3	4	4	4	3	3	3	3	3	4	3	3	3	2	3	4	3	3	3	3	3	2	4	3	3	3	3	3	3	4	2	3	3
3	3	3	3	3	4	3	3	4	4	4	3	3	3	3	3	3	3	3	3	4	3	4	3	3	4	3	4	3	3	4	3	3	3	3	4	3	3	3	4	4	3	3	3	2	3	3	3	3	3	3	3	3	3	3	3	4	3	3	3	3	3	3	2	4	3	3	3	4	4	4	3	3	3	3	3	4	3	3	3	2	3	4	3	3	3	3	3	2	4	3	3	3	3	3	3	4	2	3	3
3	3	3	3	3	3	3	3	3	3	3	3	3	3	3	3	2	3	2	3	3	3	3	3	3	3	3	3	3	3	3	3	3	3	3	4	3	3	3	3	3	3	3	3	2	3	3	3	3	3	3	2	3	3	3	3	3	3	3	3	3	2	3	2	3	3	3	3	3	3	3	3	3	3	3	3	3	3	3	3	2	3	3	3	3	3	3	3	2	3	3	3	3	3	3	2	3	2	3	3
3	3	3	3	3	3	3	3	3	3	3	3	3	3	3	3	2	3	2	3	3	3	3	3	3	3	3	3	3	3	3	3	3	3	3	4	3	3	3	3	3	3	3	3	3	3	3	3	3	3	3	2	3	3	3	3	3	3	3	3	3	2	3	2	3	3	3	3	3	3	3	3	3	3	3	3	3	3	3	3	2	3	3	3	3	3	3	3	2	3	3	3	3	3	3	2	3	2	3	3
3	3	3	3	3	3	3	3	3	3	3	3	3	3	3	3	2	3	2	3	3	3	3	3	3	3	3	3	3	3	3	3	3	3	3	4	3	3	3	3	3	3	3	3	2	3	3	3	3	3	3	2	3	3	3	3	3	3	3	3	3	2	3	2	3	3	3	3	4	3	3	3	3	3	3	3	3	3	3	3	2	3	3	3	3	3	3	3	2	3	3	3	3	3	3	2	3	2	3	3
3	3	3	3	3	3	3	3	3	3	3	3	3	3	3	3	2	3	2	3	3	3	3	3	3	3	3	3	3	3	3	3	3	3	3	4	3	3	3	3	3	3	3	3	2	3	3	3	3	3	3	2	3	3	3	3	3	3	3	3	3	2	3	2	3	3	3	3	3	3	3	3	3	3	3	3	3	3	3	3	2	3	3	3	3	3	3	3	2	3	3	3	3	3	3	2	3	2	3	3
4	4	4	4	4	3	4	4	3	3	3	4	3	4	4	4	2	3	2	4	3	3	3	4	4	3	4	3	4	4	3	4	4	4	4	4	4	4	3	3	3	4	4	4	3	4	3	4	3	4	3	2	4	4	3	3	3	4	4	4	4	2	4	3	3	4	4	4	3	3	3	4	3	4	4	4	3	4	4	3	3	4	3	4	4	4	4	4	3	3	4	4	4	4	4	2	3	3	4	4
3	3	3	3	3	3	3	3	3	3	3	3	3	3	3	3	2	3	2	3	3	3	3	3	3	3	3	3	3	3	3	3	3	3	3	4	3	3	3	3	3	3	3	3	2	3	3	3	3	3	3	2	3	3	3	3	3	3	3	3	3	2	3	2	3	3	3	3	4	3	3	3	3	3	3	3	3	3	3	3	2	3	3	3	3	3	3	3	2	3	3	3	3	3	3	2	3	2	3	3
3	3	3	3	3	3	3	3	3	3	3	3	3	3	3	3	2	3	2	3	3	3	3	3	3	3	3	3	3	3	3	3	3	3	3	4	3	3	3	3	3	3	3	3	2	3	3	3	3	3	3	2	3	3	3	3	3	3	3	3	3	2	3	2	3	3	3	3	3	3	3	3	3	3	3	3	3	3	3	3	2	3	3	3	3	3	3	3	2	3	3	3	3	3	3	2	3	2	3	3
3	3	3	3	3	3	3	3	3	3	3	3	3	3	3	3	2	3	2	3	3	3	3	3	3	3	3	3	3	3	3	3	3	3	3	4	3	3	3	3	3	3	3	3	2	3	3	3	3	3	3	2	3	3	3	3	3	3	3	3	3	2	3	2	3	3	3	3	3	3	3	3	3	3	3	3	3	3	3	3	2	3	3	3	3	3	3	3	2	3	3	3	3	3	3	2	3	2	3	3
3	3	3	3	3	3	3	3	3	3	3	3	3	3	3	3	2	3	2	3	3	3	3	3	3	3	3	3	3	3	3	3	3	3	3	4	3	3	3	3	3	3	3	3	2	3	3	3	3	3	3	2	3	3	3	3	3	3	3	3	3	2	3	2	3	3	3	3	3	3	3	3	3	3	3	3	3	3	3	3	2	3	3	3	3	3	3	3	2	3	3	3	3	3	3	2	3	2	3	3
3	3	3	3	3	3	3	3	3	3	3	3	3	3	3	3	2	3	2	3	3	3	3	3	3	3	3	3	3	3	3	3	3	3	3	4	3	3	3	3	3	3	3	3	2	3	3	3	3	3	3	2	3	3	3	3	3	3	3	3	3	2	3	2	3	3	3	3	3	3	3	3	3	3	3	3	3	3	3	3	2	3	3	3	3	3	3	3	2	3	3	3	3	3	3	2	3	2	3	3
3	3	3	3	3	3	3	3	3	3	3	3	3	3	3	3	2	3	2	3	3	3	3	3	3	3	3	3	3	3	3	3	3	3	3	4	3	3	3	3	3	3	3	3	2	3	3	3	3	3	3	2	3	3	3	3	3	3	3	3	3	2	3	2	4	3	3	3	3	3	3	3	3	3	3	3	3	3	3	3	2	3	3	3	3	3	3	3	2	3	3	3	3	3	3	2	3	2	3	3
3	3	4	3	3	3	3	3	3	3	3	3	3	3	4	3	2	3	2	3	3	3	3	3	4	3	3	3	3	3	3	3	4	3	3	4	3	4	3	3	3	3	3	3	2	3	3	3	3	3	3	2	3	3	3	3	3	3	3	3	3	2	3	2	3	3	3	3	3	3	3	3	3	4	3	3	3	3	3	3	2	3	3	3	3	3	3	3	2	3	3	4	3	3	4	2	3	2	3	3
3	3	3	3	3	3	3	3	3	3	3	3	3	3	3	3	2	3	2	3	3	3	3	3	3	3	3	3	3	3	3	3	3	3	3	4	3	3	3	3	3	3	3	3	2	3	3	3	3	3	3	2	3	3	3	3	3	3	3	3	3	2	3	2	3	3	3	3	3	3	3	3	3	3	3	3	3	3	3	3	2	3	3	3	3	3	3	3	2	3	3	3	3	3	3	2	3	2	3	3
3	3	3	3	3	3	3	3	3	3	3	3	3	3	3	3	2	3	2	3	3	3	3	3	3	4	3	3	3	3	3	3	3	3	3	3	3	3	3	3	3	3	3	3	2	3	3	3	3	3	3	2	3	3	3	3	3	3	3	3	3	2	3	2	3	3	3	3	3	4	3	3	3	3	3	3	3	3	3	3	2	3	3	3	3	3	3	3	2	3	3	3	3	3	3	2	3	2	3	3
3	3	3	3	3	3	3	3	3	3	3	3	3	3	3	3	2	3	2	3	3	3	3	3	3	3	3	3	3	3	3	3	3	3	3	4	3	3	3	3	3	3	3	3	2	3	3	3	3	3	3	2	3	3	3	3	3	3	3	3	3	2	3	2	3	3	3	3	3	3	3	3	3	3	3	3	3	3	3	3	2	3	3	3	3	3	3	3	2	3	3	3	3	3	3	2	3	2	3	3
3	3	3	3	3	3	3	3	3	3	3	3	3	3	3	3	2	3	2	3	3	3	3	3	3	3	3	3	3	3	3	3	3	3	3	4	3	3	3	3	3	3	3	3	2	3	3	3	3	3	3	2	3	3	3	3	3	3	3	3	3	2	3	2	3	3	3	3	3	3	3	3	3	3	3	3	3	3	3	3	2	3	3	3	3	3	3	3	3	3	4	3	4	3	3	2	3	2	3	3
3	3	3	3	3	3	3	3	3	3	3	3	3	3	3	3	2	3	2	3	3	3	3	3	3	3	3	3	3	3	3	3	3	3	3	4	3	3	3	3	3	3	3	3	2	3	3	3	3	3	3	2	3	3	3	3	3	3	3	3	3	2	3	2	3	3	3	3	3	3	3	3	3	3	3	3	3	3	3	3	2	3	3	3	3	3	3	3	2	3	3	3	3	3	3	2	3	2	3	3
3	3	3	3	3	4	3	3	4	4	4	3	3	3	3	3	3	3	3	3	4	3	4	3	3	4	3	4	3	3	4	3	3	3	3	4	3	3	3	4	4	3	3	3	2	3	3	3	3	3	3	3	3	3	3	3	4	3	3	3	3	3	3	2	4	3	3	3	4	4	4	3	3	3	3	3	4	3	3	3	2	3	4	3	3	3	3	3	2	4	3	3	3	3	3	3	4	2	3	3
3	3	3	3	3	3	3	3	3	3	3	3	3	3	3	3	2	3	2	3	3	3	3	3	3	3	3	3	3	3	3	3	3	3	3	4	3	3	3	3	3	3	3	3	2	3	3	3	3	3	3	2	3	3	3	3	3	3	3	3	3	2	3	2	3	3	3	3	3	3	3	3	3	3	3	3	3	3	3	3	2	3	3	3	3	3	3	3	2	3	3	3	3	3	3	2	3	2	3	3
3	3	3	3	3	3	3	3	3	3	3	3	3	3	3	3	2	3	2	3	3	3	3	3	3	3	3	3	3	3	3	3	3	3	3	4	3	3	3	3	3	3	3	3	2	3	3	3	3	3	3	2	3	3	3	3	3	3	3	3	3	2	3	2	3	3	3	3	3	3	3	3	3	3	3	3	3	3	3	3	2	3	3	3	3	3	3	3	2	3	3	3	3	3	3	2	3	2	3	3
3	3	3	3	3	3	3	3	3	3	3	4	3	3	3	3	2	3	2	3	3	3	3	3	3	3	3	3	3	3	3	3	3	3	3	4	3	3	3	3	3	3	3	3	2	3	3	3	3	3	3	2	3	3	3	3	3	3	3	3	3	2	3	2	3	3	3	3	3	3	3	3	3	3	3	3	3	3	3	3	2	3	3	3	3	3	3	3	2	3	3	3	3	3	3	2	3	2	3	3
3	3	3	3	3	3	3	3	3	3	3	3	3	3	3	3	2	3	2	3	3	3	3	3	3	3	3	3	3	3	3	3	3	3	3	4	3	3	3	3	3	3	3	3	2	3	3	3	3	3	3	2	3	3	3	3	3	3	3	3	3	2	3	2	3	3	3	3	3	3	3	3	3	3	3	3	3	3	3	3	2	3	3	3	3	3	3	3	2	3	3	3	3	3	3	2	3	2	3	3
3	2	2	2	2	2	2	2	2	2	2	2	2	2	2	2	2	2	1	2	2	2	2	2	2	2	2	2	2	2	2	2	2	2	2	3	2	2	2	2	2	2	2	2	1	2	2	2	2	2	2	1	2	2	2	2	2	2	2	2	2	1	2	2	2	2	2	2	2	2	2	2	2	2	2	2	2	2	2	2	1	2	2	2	2	2	2	2	1	2	2	2	2	2	2	1	2	1	2	2
3	3	3	3	3	3	3	3	3	3	3	3	3	3	3	3	2	3	2	3	3	3	3	3	3	3	3	3	3	3	3	3	3	3	3	4	3	3	3	3	3	3	3	3	2	3	3	3	3	3	3	2	3	3	3	3	3	3	3	3	3	2	3	2	3	3	3	3	3	3	3	3	3	3	3	3	3	3	3	3	2	3	3	3	3	3	3	3	2	3	3	3	3	3	3	2	3	2	3	3
4	3	3	3	3	3	3	3	3	3	3	3	3	3	3	3	2	3	2	3	3	3	3	3	3	3	3	3	3	3	3	3	3	3	3	3	3	3	3	3	3	3	3	3	2	3	3	3	3	3	3	2	3	3	3	3	3	3	3	3	3	2	3	2	3	3	3	3	3	3	3	3	3	3	3	3	3	3	3	3	2	3	3	3	3	3	3	3	2	3	3	3	3	3	3	2	3	2	3	3
4	4	3	4	4	3	4	4	3	3	3	3	4	3	3	3	2	3	2	4	3	3	3	4	3	3	4	3	4	3	3	4	3	3	4	4	4	3	3	3	3	3	3	3	2	3	3	3	3	3	3	2	3	4	3	3	3	4	4	3	3	2	3	3	3	3	4	3	3	3	3	4	3	3	3	3	3	3	4	4	2	4	3	3	3	3	3	4	2	3	3	3	3	4	3	2	3	2	4	4
3	3	3	3	3	3	3	3	3	3	3	3	3	3	3	3	2	3	2	3	3	3	3	3	3	3	3	3	3	3	3	3	3	3	3	4	3	3	3	3	3	3	3	3	2	3	3	3	3	3	3	2	3	3	3	3	3	3	3	3	3	2	3	2	3	3	3	3	3	3	3	3	3	3	3	3	3	3	3	3	2	3	3	3	3	3	3	3	2	3	3	3	3	3	3	2	3	2	3	3
3	3	3	3	3	3	3	3	3	3	3	3	3	3	3	3	2	3	2	3	3	3	3	3	3	3	3	3	3	3	3	3	3	3	3	4	3	3	3	3	3	3	3	3	2	3	3	3	3	3	3	2	3	3	3	3	3	3	3	3	3	2	3	2	3	3	3	3	3	3	3	3	3	3	3	3	3	3	3	3	2	3	3	3	3	3	3	3	2	3	3	3	3	3	3	2	3	2	3	3
3	3	3	3	3	3	3	3	3	3	3	3	3	3	3	3	2	3	2	3	3	3	3	3	3	3	3	3	3	3	3	3	3	3	3	4	3	3	3	3	3	3	3	3	2	3	3	3	3	3	3	2	3	3	3	3	3	3	3	3	3	2	3	2	3	3	3	3	3	3	3	3	3	3	3	3	3	3	3	3	2	3	3	3	3	3	3	3	2	3	3	3	3	3	3	2	3	2	3	3
3	3	3	3	3	3	3	3	3	3	3	3	3	3	3	3	2	3	2	3	3	3	3	3	3	3	3	3	3	3	3	3	3	3	3	4	3	3	3	3	3	3	3	3	2	3	3	3	3	3	3	2	3	3	3	3	3	3	3	3	3	2	3	2	3	3	3	3	3	3	3	3	3	3	3	3	3	3	3	3	2	3	3	3	3	3	3	3	2	3	3	3	3	3	3	2	3	2	3	3
3	3	3	3	3	3	3	3	3	3	3	3	3	3	3	3	2	3	2	3	3	3	3	3	3	3	3	3	3	3	3	3	3	3	3	4	3	3	3	3	3	3	3	4	2	3	3	3	3	3	3	2	3	3	3	3	3	3	3	3	3	2	3	2	3	3	3	3	3	3	3	3	3	3	3	3	3	3	3	3	2	3	3	3	3	3	3	3	2	3	3	3	3	3	3	2	3	2	3	3
2	2	2	2	2	2	2	2	2	2	2	2	2	2	2	2	2	2	1	2	2	2	2	2	2	2	2	2	2	2	2	2	2	2	2	3	2	2	2	2	2	2	2	2	1	2	2	2	2	2	2	1	2	2	2	2	2	2	2	2	2	1	2	2	2	2	2	2	2	2	2	2	2	2	2	2	2	2	2	2	1	2	2	2	2	2	2	2	1	2	2	2	2	2	2	1	2	1	2	2
4	3	3	3	3	3	3	3	3	3	3	3	3	3	3	3	2	3	2	3	3	3	3	3	3	3	3	3	3	3	3	3	3	3	3	4	3	3	3	3	3	3	3	3	2	3	3	3	3	3	3	2	3	3	3	3	3	3	3	3	3	2	3	2	3	3	3	3	3	3	3	3	3	3	3	3	3	3	3	3	2	3	3	3	3	3	3	3	2	3	3	3	3	3	3	2	3	2	3	3
3	3	3	3	3	3	3	3	3	3	3	3	3	3	3	3	2	3	2	3	3	3	3	3	3	3	3	3	3	3	3	3	3	3	3	4	3	3	3	3	3	3	3	3	2	3	3	3	3	3	3	2	3	3	3	3	3	3	3	3	3	2	3	2	3	3	3	3	3	3	3	3	3	3	3	3	3	3	3	3	2	3	3	3	3	3	3	3	2	3	3	3	3	3	3	2	3	2	3	3
4	3	3	3	3	3	3	3	3	3	3	3	3	3	3	3	2	3	2	3	3	3	3	3	3	3	3	3	3	3	3	3	3	3	3	4	3	3	3	3	3	3	3	3	2	3	3	3	3	3	3	2	3	3	3	3	3	3	3	3	3	2	3	2	3	3	3	3	3	3	3	3	3	3	3	3	3	3	3	3	2	3	3	3	3	3	3	3	2	3	3	3	3	3	3	2	3	2	3	3
3	3	3	3	3	4	3	3	4	4	4	3	3	3	3	3	3	3	3	3	4	3	4	3	3	4	3	4	3	3	4	3	3	3	3	4	3	3	3	4	4	3	3	3	2	3	3	3	3	3	3	3	3	3	3	3	4	3	3	3	3	3	3	2	4	3	3	3	4	4	4	3	3	3	3	3	4	3	3	3	2	3	4	3	3	3	3	3	2	4	3	3	3	3	3	3	4	2	3	3
3	3	3	3	3	3	3	3	3	3	3	3	3	3	3	3	2	3	2	3	3	3	3	3	3	3	3	3	3	3	3	3	3	3	3	4	3	3	3	3	3	3	3	3	2	3	3	3	3	3	3	2	3	3	3	3	3	3	3	3	3	2	3	2	3	3	3	3	3	3	3	3	3	3	3	3	3	3	3	3	2	3	3	3	3	3	3	3	2	3	3	3	3	3	3	2	3	2	3	3
3	3	3	3	3	3	3	3	3	3	3	3	3	3	3	3	2	3	2	3	3	3	3	3	3	3	3	3	3	3	3	3	3	3	3	4	3	3	3	3	3	3	3	3	2	3	3	3	3	3	3	2	3	3	3	3	3	3	3	3	3	2	3	2	3	3	3	3	3	3	3	3	3	3	3	3	3	3	3	3	2	3	3	3	3	3	3	3	2	3	3	3	3	3	3	2	3	2	3	3
3	3	3	3	3	4	3	3	3	3	3	3	3	3	3	3	2	3	2	3	3	3	3	3	3	3	3	3	3	3	3	3	3	3	3	4	3	3	3	3	3	3	3	3	2	3	3	3	3	3	3	2	3	3	3	3	3	3	3	3	3	2	3	2	3	3	3	3	3	3	3	3	3	3	3	3	3	3	3	3	2	3	3	3	3	3	3	3	2	3	3	3	3	3	3	2	3	2	3	3
3	3	3	3	3	2	3	3	2	2	2	3	2	3	3	3	2	2	1	3	2	2	2	3	3	2	3	2	3	3	2	3	3	3	3	3	3	3	2	2	2	3	3	3	2	3	2	3	2	3	2	1	3	3	2	2	2	3	3	3	3	1	3	3	2	3	3	3	2	2	2	3	2	3	3	3	2	3	3	2	2	3	2	3	3	3	3	3	2	2	3	3	3	3	3	1	2	2	3	3
3	3	3	3	3	4	3	3	4	4	4	3	3	3	3	3	3	3	3	3	4	3	4	3	3	4	3	4	3	3	4	3	3	3	3	4	3	3	3	4	4	3	3	3	2	3	3	3	3	3	3	3	3	3	3	3	4	3	3	3	3	3	3	2	4	3	3	3	4	4	4	3	3	3	3	3	4	3	3	3	2	3	4	3	3	3	3	3	2	4	3	3	3	3	3	3	4	2	3	3
4	3	3	3	3	3	3	3	3	3	3	3	3	3	3	3	2	3	2	3	3	3	3	3	3	3	3	3	3	3	3	3	3	3	3	4	3	3	3	3	3	3	3	3	2	3	3	3	3	3	3	2	3	3	3	3	3	3	3	3	3	2	3	2	3	3	3	3	3	3	3	3	3	3	3	3	3	3	3	3	2	3	3	3	3	3	3	3	2	3	3	3	3	3	3	2	3	2	3	3
3	3	3	3	3	3	3	3	3	3	3	3	3	3	3	3	2	3	2	3	3	3	3	3	3	3	3	3	3	3	3	3	3	3	3	4	3	3	3	3	3	3	3	3	2	3	3	3	3	3	3	2	3	3	3	3	3	3	3	3	3	2	3	2	3	3	3	3	3	3	3	3	3	3	3	3	3	3	3	3	2	3	3	3	3	3	3	3	2	3	3	3	3	3	3	2	3	2	3	3
3	3	3	3	3	3	3	3	3	3	3	3	3	3	3	3	2	3	2	3	3	3	3	3	3	3	3	3	3	3	3	3	3	3	3	4	3	3	3	3	3	3	3	3	2	3	3	3	3	3	3	2	3	3	3	3	3	3	3	3	3	2	3	2	3	3	3	3	3	3	3	3	3	3	3	3	4	3	3	3	2	3	3	3	3	3	3	3	2	3	3	3	3	3	3	2	3	2	3	3
3	3	3	3	3	3	3	3	3	3	3	3	3	3	3	3	2	3	2	3	3	3	3	3	3	3	3	3	3	3	3	3	3	3	3	4	3	3	3	3	3	3	3	3	2	3	3	3	3	3	3	2	3	3	3	3	3	3	3	3	3	2	3	2	3	3	3	3	3	3	3	3	3	3	3	3	3	3	3	3	2	3	3	3	3	3	4	3	2	3	3	3	3	3	3	2	3	2	3	3
3	4	3	4	3	3	4	3	3	3	3	3	3	3	3	3	2	3	2	4	3	3	3	4	3	3	3	3	3	3	3	4	3	3	4	4	4	3	3	3	3	3	3	3	3	3	3	3	3	3	3	2	3	3	3	3	3	4	3	3	3	2	3	3	3	3	3	3	3	3	3	4	3	3	3	3	3	3	4	3	2	4	3	3	3	3	3	4	2	3	3	3	3	3	3	2	3	2	4	4
4	4	3	4	4	3	4	4	3	3	3	3	4	3	3	3	2	3	2	4	3	3	3	4	3	3	4	3	4	3	3	4	3	3	4	4	4	3	3	3	3	3	3	3	2	3	3	3	3	3	3	2	3	4	3	3	3	4	4	3	3	2	3	3	3	3	4	3	3	3	3	4	3	3	3	3	3	3	4	4	2	4	3	3	3	3	3	4	2	3	3	3	3	4	3	2	3	2	4	4
3	3	3	3	3	3	3	3	3	3	3	3	3	3	4	3	2	3	2	3	3	3	3	3	3	3	3	3	3	3	3	3	3	3	3	4	3	3	3	3	3	3	3	4	2	3	3	3	3	3	3	2	3	3	3	3	3	3	3	3	3	2	3	2	3	3	3	3	3	3	3	3	3	3	3	3	3	3	3	3	2	3	3	3	3	3	3	3	2	3	3	3	3	3	3	2	3	2	3	3
3	3	3	3	3	3	3	3	3	3	3	3	3	3	3	3	2	3	2	3	3	3	3	3	3	3	3	3	3	3	3	3	3	3	3	4	3	3	3	3	3	3	3	3	2	3	3	3	3	3	3	2	3	3	3	3	3	3	3	3	3	2	3	2	3	3	3	3	3	3	3	3	3	3	3	3	3	3	3	3	2	3	3	3	3	3	3	3	2	3	3	3	3	3	3	2	3	2	3	3
3	3	3	3	3	4	3	3	4	4	4	3	3	3	3	3	3	3	3	3	4	3	4	3	3	4	3	4	3	3	4	3	3	3	3	4	3	3	3	4	4	3	3	3	2	3	3	3	3	3	3	3	3	3	3	3	4	3	3	3	3	3	3	2	4	3	3	3	4	4	4	3	3	3	3	3	4	3	3	3	2	3	4	3	3	3	3	3	2	4	3	3	3	3	3	3	4	2	3	3
2	2	2	2	2	2	2	2	2	2	2	2	2	2	2	2	2	2	1	2	2	2	2	2	2	2	2	2	2	2	2	2	2	2	2	3	2	2	2	2	2	2	2	2	1	2	2	2	2	2	2	1	2	2	2	2	2	2	2	2	2	1	2	2	2	2	2	2	2	2	2	2	2	2	2	2	2	2	2	2	1	2	2	2	2	2	2	2	1	2	2	2	2	2	2	1	2	1	2	2
3	3	3	3	3	3	3	3	3	3	3	3	3	3	3	3	2	3	2	3	3	3	3	3	3	3	3	3	3	3	3	3	3	3	3	4	3	3	3	3	3	3	3	3	2	3	3	3	3	3	3	2	3	3	3	3	3	3	3	3	3	2	3	2	3	3	3	3	3	3	3	3	3	3	3	3	3	3	3	3	2	3	3	3	3	3	3	3	2	3	3	3	3	3	3	2	3	2	3	3
3	3	3	3	3	4	3	3	4	4	4	3	3	3	3	3	3	3	3	3	4	3	4	3	3	4	3	4	3	3	4	3	3	3	3	4	3	3	3	4	4	3	3	3	2	3	3	3	3	3	3	3	3	3	3	3	4	3	3	3	3	3	3	2	4	3	3	3	4	4	4	3	3	3	3	3	4	3	3	3	2	3	4	3	3	3	3	3	2	4	3	3	3	3	3	3	4	2	3	3
3	3	3	3	3	3	3	3	3	3	3	3	3	3	3	3	2	3	2	3	3	3	3	3	3	3	3	3	3	3	3	3	3	3	3	4	3	3	3	3	3	3	3	4	2	3	3	3	3	3	3	2	3	3	3	3	3	3	3	3	3	2	3	2	3	3	3	3	3	3	3	3	3	3	3	3	3	3	3	3	2	3	3	3	3	3	3	3	2	3	3	3	3	3	3	2	3	2	3	3
3	3	3	3	3	3	3	3	3	3	3	3	3	3	3	3	2	3	2	3	3	3	3	3	3	3	3	3	3	3	3	3	3	3	3	4	3	3	3	3	3	3	3	3	2	3	3	3	3	3	3	2	3	3	3	3	3	3	3	3	3	2	3	2	3	3	3	3	3	3	3	3	3	3	3	3	3	3	3	3	2	3	3	3	3	3	3	3	2	3	3	3	3	3	3	2	3	2	3	3
4	4	3	4	4	3	4	4	3	3	3	3	4	3	3	3	2	3	2	4	3	3	3	4	3	3	4	3	4	3	3	4	3	3	4	4	4	3	3	3	3	3	3	3	2	3	3	3	3	3	3	2	3	4	3	3	3	4	4	3	3	2	3	3	3	3	4	3	3	3	3	4	3	3	3	3	3	3	4	4	2	4	3	3	3	3	3	4	2	3	3	3	3	4	3	2	3	2	4	4
3	3	2	3	3	2	3	3	2	2	2	2	3	2	2	2	1	2	2	3	2	2	2	3	2	2	3	2	3	2	2	3	2	2	3	3	3	2	2	2	2	2	2	2	1	2	2	2	2	2	2	1	2	3	2	2	2	3	3	2	2	1	2	2	2	2	3	2	2	2	2	3	2	2	2	2	2	2	3	3	1	3	2	2	2	2	2	3	2	2	2	2	2	3	2	1	2	2	3	3
3	3	3	3	3	4	3	3	3	3	3	3	3	3	3	3	2	3	2	3	3	3	3	3	3	3	3	3	3	3	3	3	3	3	3	4	3	3	3	3	3	3	3	3	2	3	3	3	3	3	3	2	3	3	3	3	3	3	3	3	3	2	3	2	3	3	3	3	3	3	3	3	3	3	3	3	3	3	3	3	2	3	3	3	3	3	3	3	2	3	3	3	3	3	3	2	3	2	3	3
2	2	2	2	2	2	2	2	2	2	2	2	2	2	2	2	2	2	1	2	2	2	2	2	2	2	2	2	2	2	2	2	2	2	2	3	2	2	2	2	2	2	2	2	1	2	2	2	2	2	2	1	2	2	2	2	2	2	2	2	2	1	2	2	2	2	2	2	2	2	2	2	2	2	2	2	2	2	2	2	1	2	2	2	2	2	2	2	1	2	2	2	2	2	2	1	2	1	2	2
3	3	4	3	3	3	3	3	3	3	3	3	3	3	4	3	2	3	2	3	3	4	3	3	4	3	3	3	3	3	3	3	4	3	3	4	3	4	3	3	3	3	3	3	2	4	3	3	3	3	3	2	3	3	3	3	3	3	3	4	3	2	3	2	3	3	3	3	3	3	3	3	3	4	4	4	3	3	3	3	2	3	3	4	4	3	3	3	2	3	3	4	3	3	4	2	3	2	3	3
3	3	3	3	3	4	3	3	4	4	4	3	3	3	3	3	3	3	3	3	4	3	4	3	3	4	3	4	3	3	4	3	3	3	3	4	3	3	3	4	4	3	3	3	2	3	3	3	3	3	3	3	3	3	3	3	4	3	3	3	3	3	3	2	4	3	3	3	4	4	4	3	3	3	3	3	4	3	3	3	2	3	4	3	3	3	3	3	2	4	3	3	3	3	3	3	4	2	3	3
