Deck Distance Score for: 
      Results/UntilAvg60Run/FROM_null_WITH_r4_c0 (Left side from top to bottom)
and   Results/UntilAvg60Run/FROM_null_WITH_r4_c50 (Top side from left to right)

Similarity: 15,30% (Score: 27534/180000) 

1	4	2	3	3	2	3	3	3	4	3	3	3	3	3	4	3	3	4	4	4	4	3	3	3	3	3	4	2	3	3	3	3	2	3	3	3	4	3	2	2	3	3	3	4	3	4	3	3	2	3	3	3	3	3	4	4	3	3	2	2	3	4	3	3	3	3	3	4	2	3	3	3	2	3	4	3	4	3	3	3	2	2	3	3	3	3	3	3	2	3	3	3	3	2	3	3	3	3	4
1	3	2	2	2	2	3	2	3	3	3	3	3	2	2	3	3	3	3	3	3	3	3	3	3	3	3	3	2	3	3	3	3	2	3	3	3	3	3	2	2	3	3	3	3	2	3	3	3	2	3	3	3	3	3	3	3	3	3	2	2	3	3	3	3	3	3	2	3	2	3	3	3	2	2	3	3	3	3	2	3	2	2	3	3	3	2	3	3	2	3	3	3	3	2	3	3	3	3	3
1	3	2	2	2	2	3	2	3	3	3	3	3	2	2	3	3	3	3	3	3	3	3	3	3	3	3	3	2	3	3	3	3	2	3	3	3	3	3	2	2	3	3	3	3	2	3	3	3	2	3	3	3	3	3	3	3	3	3	2	2	3	3	3	3	3	3	2	3	2	3	3	3	2	2	3	3	3	3	2	3	2	2	3	3	3	2	3	4	2	3	3	3	3	2	3	3	3	3	3
1	2	1	2	2	1	2	1	2	2	2	2	2	2	2	2	2	2	2	2	2	2	2	2	2	2	2	2	1	2	2	2	2	2	2	2	2	2	2	1	1	2	2	2	2	2	2	2	2	2	2	2	2	2	2	2	2	2	2	1	2	2	2	2	2	2	2	1	2	1	2	2	2	2	1	2	2	2	2	1	2	1	1	2	2	2	2	2	2	1	2	2	2	2	1	2	2	2	2	2
1	4	2	3	3	2	3	2	3	4	3	3	3	3	3	4	3	3	4	4	3	4	3	3	3	3	3	4	2	3	3	3	3	2	4	3	3	4	3	2	2	3	3	3	3	3	4	3	3	2	3	3	3	3	3	4	3	3	3	2	2	3	4	3	3	3	3	3	3	2	3	3	3	2	3	4	3	4	3	2	3	2	2	3	3	3	3	3	3	2	3	3	3	3	2	3	3	3	3	4
1	3	2	2	2	2	3	2	3	3	3	3	3	2	2	3	3	3	3	3	3	3	3	3	3	3	3	3	2	3	3	3	3	2	3	3	3	3	3	2	2	3	3	3	3	2	3	3	3	2	3	3	3	3	3	3	3	3	3	2	2	3	3	3	3	3	3	2	3	2	3	3	3	2	2	3	3	3	3	2	3	2	2	3	3	3	2	3	3	2	3	3	3	4	2	3	3	3	3	3
1	3	2	2	2	2	3	2	3	3	3	3	3	2	2	3	3	3	3	3	3	3	3	3	3	3	3	3	2	3	3	3	3	2	3	3	3	3	3	2	2	3	3	3	3	2	3	3	3	2	3	3	3	3	3	3	3	3	3	2	2	3	3	3	3	3	3	2	3	2	3	3	3	2	2	3	3	3	3	2	3	2	2	3	3	3	2	3	3	2	3	3	3	3	2	3	3	3	3	3
1	4	2	3	3	2	3	2	3	4	3	3	3	3	3	4	3	3	4	4	3	4	3	3	3	3	3	4	2	4	3	3	3	2	4	3	3	4	3	2	2	3	3	3	3	3	4	3	3	2	3	3	3	3	3	4	3	3	3	2	2	3	4	3	3	3	3	3	3	2	3	3	3	2	3	4	3	4	3	2	3	2	2	3	3	3	3	3	3	2	3	3	3	3	2	3	3	3	3	4
1	2	1	2	2	1	2	1	2	2	2	2	2	2	2	2	2	2	2	2	2	2	2	2	2	2	2	2	1	2	2	2	2	2	2	2	2	2	2	1	1	2	2	2	2	2	2	2	2	2	2	2	2	2	2	2	2	2	2	1	2	2	2	2	2	2	2	1	2	1	2	2	2	2	1	2	2	2	2	1	2	1	1	2	2	2	2	2	2	1	2	2	2	2	1	2	2	2	2	2
1	3	2	2	2	2	3	2	3	3	3	3	3	2	2	3	3	3	3	3	3	3	3	3	3	3	3	3	2	3	3	3	3	2	3	3	3	3	3	2	2	3	3	3	3	2	3	3	3	2	3	3	3	3	3	3	3	3	3	2	2	3	3	3	3	3	3	2	3	2	3	3	3	2	2	3	3	3	3	2	3	2	2	3	3	3	2	3	4	2	3	3	3	3	2	3	3	3	3	3
1	4	2	3	3	2	3	2	3	4	3	3	3	3	3	4	3	3	4	4	3	4	3	3	3	3	3	4	2	3	3	3	3	2	4	3	3	4	3	2	2	3	3	3	3	3	4	3	3	2	3	3	3	3	3	4	3	3	3	2	2	3	4	3	3	3	3	3	3	2	3	3	3	2	3	4	3	4	3	2	3	2	2	3	3	3	3	3	3	2	3	3	3	3	2	3	3	3	3	4
1	3	2	2	2	2	3	2	3	3	3	3	3	2	2	3	3	3	3	3	3	3	3	3	3	3	3	3	2	3	3	3	3	2	3	3	3	3	3	2	2	3	3	3	3	2	3	3	3	2	3	3	3	3	3	3	3	3	3	2	2	3	3	3	3	3	3	2	3	2	3	3	3	2	2	3	3	3	3	2	3	2	2	3	3	3	2	3	3	2	3	3	3	3	2	3	3	3	3	3
1	3	2	2	2	2	3	2	3	3	3	3	3	2	2	3	3	3	3	3	3	3	3	3	3	3	3	3	2	3	3	3	3	2	3	3	3	3	3	2	3	3	3	3	3	2	3	3	3	2	3	3	3	3	3	3	3	3	3	2	2	3	3	3	3	3	3	2	3	2	3	3	3	2	2	3	3	3	3	2	3	2	2	3	3	3	2	3	3	2	3	3	3	4	2	3	3	3	3	3
1	4	2	3	3	2	3	2	3	4	3	3	3	3	3	4	3	3	4	4	3	4	3	3	3	4	3	4	2	3	3	3	3	2	4	3	3	4	3	2	2	3	3	3	3	3	4	3	3	2	3	3	3	3	3	4	3	3	3	2	2	3	4	3	3	3	3	3	3	2	3	3	3	2	3	4	3	4	3	2	3	2	2	3	3	3	3	3	3	2	3	3	3	3	2	3	3	3	3	4
1	3	2	2	2	2	3	2	3	3	3	3	3	2	2	3	3	3	3	3	3	3	3	3	3	3	3	3	2	3	3	3	3	2	3	3	3	3	3	2	2	3	3	3	3	2	3	3	3	2	3	3	3	3	3	3	3	3	3	2	2	3	3	3	3	3	3	2	3	2	3	3	3	2	2	3	3	3	3	2	3	2	2	3	3	3	2	3	3	2	3	3	3	3	2	3	3	3	3	3
1	3	2	2	2	2	3	2	3	3	3	3	3	2	2	3	3	3	3	3	3	3	3	3	3	3	3	3	2	3	3	3	3	2	3	3	3	3	3	2	2	3	3	3	3	2	3	3	3	2	3	3	3	3	3	3	3	3	3	2	2	3	3	3	3	3	3	2	3	2	3	3	3	2	2	3	3	3	3	2	3	2	2	3	3	3	2	3	3	2	3	3	3	3	2	3	3	3	3	3
1	3	2	2	2	2	3	2	3	3	3	3	3	2	2	3	3	3	3	3	3	3	3	3	3	3	3	3	2	3	3	3	3	2	3	3	3	3	3	2	2	3	3	3	3	2	3	3	3	2	3	3	3	3	3	3	3	3	3	2	2	3	3	3	3	3	3	2	3	2	3	3	3	2	2	3	3	3	3	2	3	2	2	3	3	3	2	3	3	2	3	3	3	3	2	3	3	3	3	3
1	3	2	2	2	2	3	2	3	3	3	3	3	2	2	3	3	3	3	3	3	3	3	3	3	3	3	3	2	3	3	3	3	2	3	3	3	3	3	2	2	3	3	3	3	2	3	3	3	2	3	3	3	3	3	3	3	3	3	2	2	3	3	3	3	3	3	2	3	2	3	3	3	2	2	3	3	3	3	2	3	2	2	3	3	3	2	3	3	2	3	3	3	3	2	3	3	3	3	3
1	3	2	2	2	2	3	2	3	3	3	3	3	2	2	3	3	3	3	3	3	3	3	3	3	3	3	3	2	3	3	3	3	2	3	3	3	3	3	2	2	3	3	3	3	2	3	3	3	2	3	3	3	3	3	3	3	3	3	2	2	3	3	3	3	3	3	2	3	2	3	3	3	2	2	3	3	3	3	2	3	2	2	3	3	3	2	3	3	2	3	3	3	4	2	3	3	3	3	3
1	4	2	3	3	2	3	2	3	4	3	3	3	3	3	4	3	3	4	4	3	4	3	3	3	3	3	4	2	3	3	3	3	2	4	3	3	4	3	2	2	3	3	3	3	3	4	3	3	2	3	3	3	3	3	4	3	3	3	2	2	3	4	3	3	3	3	3	3	2	3	3	3	2	3	4	3	4	3	2	3	2	2	3	3	3	3	3	3	2	3	3	3	3	2	3	3	3	3	4
1	4	2	3	3	2	3	2	3	4	3	3	3	3	3	4	3	3	4	4	3	4	3	3	3	3	3	4	2	3	3	3	3	2	4	3	3	4	3	2	2	3	3	3	3	3	4	3	3	2	3	3	3	3	3	4	3	3	3	2	2	3	4	3	3	3	3	3	3	2	3	3	3	2	3	4	3	4	3	2	3	2	2	3	3	3	3	3	3	2	3	3	3	3	2	3	3	3	3	4
1	4	2	3	3	2	3	2	3	4	3	3	3	3	3	4	3	3	4	4	3	4	3	3	3	3	3	4	2	3	3	3	3	2	4	3	3	4	3	2	2	3	3	3	3	3	4	3	3	2	3	3	3	3	3	4	3	3	3	2	2	3	4	3	3	3	3	3	3	2	3	3	3	2	3	4	3	4	3	2	3	2	2	3	3	3	3	3	3	2	3	3	3	3	2	3	3	3	3	4
1	4	2	3	3	2	3	2	3	4	3	3	3	3	3	4	3	3	4	4	3	4	3	3	3	3	3	4	2	3	3	3	3	2	4	3	3	4	3	2	2	3	3	3	3	3	4	3	3	2	3	3	3	3	3	4	3	3	3	2	2	3	4	3	3	3	3	3	3	2	3	3	3	2	3	4	3	4	3	2	3	2	2	3	3	3	3	3	3	2	3	3	3	3	2	3	3	3	3	4
1	3	2	2	2	2	3	2	3	3	3	3	3	2	2	3	3	3	3	3	3	3	3	3	3	3	3	3	2	3	3	3	3	2	3	3	3	3	3	2	2	3	3	3	3	2	3	3	3	2	3	3	3	3	3	3	3	3	3	2	2	3	3	3	3	3	3	2	3	2	3	3	3	2	2	3	3	3	3	2	3	2	2	3	3	3	2	3	4	2	3	3	3	3	2	3	3	3	3	3
1	4	2	3	3	2	3	2	3	4	3	3	3	3	3	4	3	3	4	4	3	4	3	3	3	3	3	4	2	3	3	3	3	2	3	3	3	4	3	2	2	3	3	3	3	3	4	3	3	2	3	3	3	3	3	4	3	3	3	2	2	3	4	3	3	3	3	3	3	2	3	3	3	2	3	4	3	4	3	2	3	2	2	3	3	3	3	3	3	2	3	3	3	3	2	3	3	3	3	4
1	4	2	3	3	2	3	2	3	4	3	3	3	3	3	4	3	3	4	4	3	4	3	3	3	4	3	4	2	3	3	3	3	2	3	3	3	4	3	2	2	3	3	3	3	3	4	3	3	2	3	3	3	3	3	4	3	3	3	2	2	3	4	3	3	3	3	3	3	2	3	3	3	2	3	4	3	4	3	2	3	2	2	3	3	3	3	3	3	2	3	3	3	3	2	3	3	3	3	4
1	4	2	3	3	2	3	2	3	4	3	3	3	3	3	4	3	3	4	4	3	4	3	3	3	3	3	4	2	3	3	3	3	2	4	3	3	4	3	2	2	3	3	3	3	3	4	3	3	2	3	3	3	3	3	4	3	3	3	2	2	3	4	3	3	3	3	3	3	2	3	3	3	2	3	4	3	4	3	2	3	2	2	3	3	3	3	3	3	2	3	3	3	3	2	3	3	3	3	4
1	3	2	2	2	2	3	2	3	3	3	3	3	2	2	3	3	3	3	3	3	3	3	3	3	3	3	3	2	3	3	3	3	2	3	3	3	3	3	2	2	3	3	3	3	2	3	3	3	2	3	3	3	3	3	3	3	3	3	2	2	3	3	3	3	3	3	2	3	2	3	3	3	2	2	3	3	3	3	2	3	2	2	3	3	3	2	3	3	2	3	3	3	3	2	3	3	3	3	3
1	4	2	3	3	2	3	2	3	4	3	3	3	3	3	4	3	3	4	4	3	4	3	3	3	3	3	4	2	3	3	3	3	2	3	3	3	4	3	2	2	3	3	3	3	3	4	3	3	2	3	3	3	3	3	4	3	3	3	2	2	3	4	3	3	3	3	3	3	2	3	3	3	2	3	4	3	4	3	2	3	2	2	3	3	3	3	3	3	2	3	3	3	3	2	3	3	3	3	4
1	3	2	2	2	2	3	2	3	3	3	3	3	2	2	3	3	3	3	3	3	3	3	3	3	3	3	3	2	3	3	3	3	2	3	3	3	3	3	2	2	3	3	3	3	2	3	3	3	2	3	3	3	3	3	3	3	3	4	2	2	3	3	3	3	3	3	2	3	2	3	3	3	2	2	3	3	3	3	2	3	2	2	3	3	3	2	3	3	2	3	3	3	3	2	3	3	3	3	3
1	3	2	2	2	2	3	2	3	3	3	3	3	2	2	3	3	3	3	3	3	3	3	3	3	3	3	3	2	3	3	3	3	2	3	3	3	3	3	2	3	3	3	3	3	2	3	3	3	2	3	3	3	3	3	3	3	3	3	2	2	3	3	3	3	3	3	2	3	2	3	3	3	2	2	3	3	3	3	2	3	2	2	3	3	3	2	3	3	2	3	3	3	4	2	3	3	3	3	3
1	3	2	2	2	2	3	2	3	3	3	3	3	2	2	3	3	3	3	3	3	3	3	3	3	3	3	3	2	3	3	3	3	2	3	3	3	3	3	2	2	3	3	3	3	2	3	3	3	2	3	3	3	3	3	3	3	3	3	2	2	3	3	3	3	3	3	2	3	2	3	3	3	2	2	3	3	3	3	2	3	2	2	3	3	3	2	3	3	2	3	3	3	3	2	3	3	3	3	3
1	4	2	3	3	2	3	3	3	4	3	3	3	3	3	4	3	3	4	4	4	4	3	3	3	3	3	4	2	3	3	3	3	2	3	3	3	4	3	2	2	3	3	3	4	3	4	3	3	2	3	3	3	3	3	4	4	3	3	2	2	3	4	3	3	3	3	3	4	2	3	3	3	2	3	4	3	4	3	3	3	2	2	3	3	3	3	3	3	2	3	3	3	3	2	3	3	3	3	4
1	3	2	2	2	2	3	2	3	3	3	3	3	2	2	3	3	3	3	3	3	3	3	3	3	3	3	3	2	3	3	3	4	2	3	3	3	3	3	2	2	3	3	3	3	2	3	3	3	2	3	3	3	3	3	3	3	3	3	2	2	3	3	3	3	3	3	2	3	2	3	3	3	2	2	3	3	3	3	2	3	2	2	3	3	3	2	3	3	2	3	3	3	3	2	3	3	3	3	3
1	3	2	2	2	2	3	2	3	3	3	3	3	2	2	3	3	3	3	3	3	3	3	3	3	3	3	3	2	3	3	3	3	2	3	3	3	3	3	2	3	3	3	3	3	2	3	3	3	2	3	3	3	3	3	3	3	3	3	2	2	3	3	3	3	3	3	2	3	2	3	3	3	2	2	3	3	3	3	2	3	2	2	3	3	3	2	3	3	2	3	3	3	4	2	3	3	3	3	3
1	3	2	2	2	2	3	2	3	3	3	3	3	2	2	3	3	3	3	3	3	3	3	3	3	3	3	3	2	3	3	3	3	2	3	3	3	3	3	2	2	3	3	3	3	2	3	3	3	2	3	3	3	3	3	3	3	3	3	2	2	3	3	3	3	3	3	2	3	2	3	3	3	2	2	3	3	3	3	2	3	2	2	3	3	3	2	3	3	2	3	3	3	3	2	3	3	3	3	3
1	2	1	1	1	2	2	1	2	2	2	2	2	1	1	2	2	2	2	2	2	2	2	2	2	2	2	2	2	2	2	2	2	1	2	2	2	2	2	2	2	2	2	2	2	1	2	2	2	1	2	2	2	2	2	2	2	2	2	1	1	2	2	2	2	2	2	1	2	2	2	2	2	1	2	2	2	2	2	1	2	2	1	2	2	2	1	2	2	1	2	2	2	2	2	2	2	2	2	2
1	3	2	2	2	2	3	2	3	3	3	3	3	2	2	3	3	3	3	3	3	3	3	3	3	3	3	3	2	3	3	3	3	2	3	3	3	3	3	2	3	3	3	3	3	2	3	3	3	2	3	3	3	3	3	3	3	3	3	2	2	3	3	3	3	3	3	2	3	2	3	3	3	2	2	3	3	3	3	2	3	2	2	3	3	3	2	3	3	2	3	3	3	4	2	3	3	3	3	3
1	3	2	2	2	2	3	2	3	3	3	3	3	2	2	3	3	3	3	3	3	3	3	3	3	3	3	3	2	3	3	3	3	2	3	3	3	3	3	2	3	3	3	3	3	2	3	3	3	2	3	3	3	3	3	3	3	3	3	2	2	3	3	3	3	3	3	2	3	2	3	3	3	2	2	3	3	3	3	2	3	2	2	3	3	3	2	3	3	2	3	3	3	4	2	3	3	3	3	3
2	4	3	3	3	3	4	3	3	4	4	4	3	3	3	4	4	4	4	4	3	4	4	4	4	4	4	4	3	4	4	4	4	3	4	4	4	4	3	3	2	4	4	4	4	3	4	4	3	2	4	4	4	3	4	4	3	3	4	3	3	4	4	3	3	4	4	3	4	3	4	4	4	2	3	4	4	4	4	3	3	3	3	4	4	4	3	3	4	3	4	4	3	4	3	4	3	4	3	4
1	3	2	2	2	2	3	2	3	3	3	3	3	2	2	3	3	3	3	3	3	3	3	3	3	3	3	3	2	3	3	3	3	2	3	3	3	3	3	2	2	3	3	3	3	2	3	3	3	2	3	3	3	3	3	3	3	3	3	2	2	3	3	3	3	3	3	2	3	2	3	3	3	2	2	3	3	3	3	2	3	2	2	3	3	3	2	3	3	2	3	3	3	3	2	3	3	3	3	3
1	3	2	2	2	2	3	2	3	3	3	3	3	2	2	3	3	3	3	3	3	3	3	3	3	3	3	3	2	3	3	3	3	2	3	3	3	3	3	2	2	3	3	3	3	2	3	3	3	2	3	3	3	3	3	3	3	3	3	2	2	3	3	3	3	3	3	2	3	2	3	3	3	2	2	3	3	3	3	2	3	2	2	3	3	3	2	3	3	2	3	3	3	3	2	3	3	3	3	3
1	3	2	2	2	2	3	2	3	3	3	3	3	2	2	3	3	3	3	3	3	3	3	3	3	3	3	3	2	3	3	3	3	2	3	3	3	3	3	2	2	3	3	3	3	2	3	3	3	2	3	3	3	3	3	3	3	3	3	2	2	3	3	3	3	3	3	2	3	3	3	3	3	2	2	3	3	3	3	2	3	2	2	3	3	3	2	3	3	2	3	3	3	3	2	3	3	3	3	3
1	3	2	2	2	2	3	2	3	3	3	3	3	2	2	3	3	3	3	3	3	3	3	3	3	3	3	3	2	3	3	3	3	2	3	3	3	3	3	2	2	3	3	3	3	2	3	3	3	2	3	3	3	3	3	3	3	3	3	2	2	3	3	3	3	3	3	2	3	2	3	3	3	2	2	3	3	3	3	2	3	2	2	3	3	3	2	3	3	2	3	3	3	3	2	3	3	3	3	3
1	3	2	2	2	2	3	2	3	3	3	3	3	2	2	3	3	3	3	3	3	3	3	3	3	3	3	3	2	3	3	3	3	2	3	3	3	3	3	2	2	3	3	3	3	2	3	3	3	2	3	3	3	3	3	3	3	3	3	2	2	3	3	3	3	3	3	2	3	2	3	3	3	2	2	3	3	3	3	2	3	2	2	3	3	3	2	3	3	2	3	3	3	3	2	3	3	3	3	3
1	3	2	2	2	2	3	2	3	3	3	3	3	2	2	3	3	3	3	3	3	3	3	3	3	3	3	3	2	3	3	3	3	2	3	3	3	3	3	2	2	3	3	3	3	2	3	3	3	2	3	3	3	3	3	3	3	3	3	2	2	3	3	3	3	3	3	2	3	2	3	3	3	2	2	3	3	3	3	2	3	2	2	3	3	3	2	3	3	2	3	3	3	3	2	3	3	3	3	3
1	3	2	2	2	2	3	2	3	3	3	3	3	2	2	3	3	3	3	3	3	3	3	3	3	3	3	3	2	3	3	3	3	2	3	3	3	3	3	2	2	3	3	3	3	2	3	3	3	2	3	3	3	3	3	3	3	3	3	2	2	3	3	3	3	3	3	2	3	2	3	3	3	2	2	3	3	3	3	2	3	2	2	3	3	3	2	3	3	2	3	3	3	3	2	3	3	3	3	3
1	4	2	3	3	2	3	2	3	4	3	3	3	3	3	4	3	3	4	4	3	4	3	3	3	3	3	4	2	3	3	3	3	2	3	3	3	4	3	2	2	3	3	3	3	3	4	3	3	2	3	3	3	3	3	4	3	3	3	2	2	3	4	3	3	3	3	3	3	2	3	3	3	2	3	4	3	4	3	2	3	2	2	3	3	3	3	3	3	2	3	3	3	3	2	3	3	3	3	4
1	4	2	3	3	2	3	2	3	4	3	3	3	3	3	4	3	3	4	4	3	4	3	3	3	3	3	4	2	3	3	3	3	2	4	3	3	4	3	2	2	3	3	3	3	3	4	3	3	2	3	3	3	3	3	4	3	3	3	2	2	3	4	3	3	3	3	3	3	2	3	3	3	2	3	4	3	4	3	2	3	2	2	3	3	3	3	3	3	2	3	3	3	3	2	3	3	3	3	4
1	4	2	3	3	2	3	2	3	4	3	3	3	3	3	4	3	3	4	4	3	4	3	3	3	3	3	4	2	3	3	3	3	2	4	3	3	4	3	2	2	3	3	3	3	3	4	3	3	2	3	3	3	3	3	4	3	3	3	2	2	3	4	3	3	3	3	3	3	2	3	3	3	2	3	4	3	4	3	2	3	2	2	3	3	3	3	3	3	2	3	3	3	3	2	3	3	3	3	4
1	4	2	3	3	2	3	2	3	4	3	3	3	3	3	4	3	3	4	4	3	4	3	3	3	3	3	4	2	3	3	3	3	2	4	3	3	4	3	2	2	3	3	3	3	3	4	3	3	2	3	3	3	3	3	4	3	3	3	2	2	3	4	3	3	3	3	3	3	2	3	3	3	2	3	4	3	4	3	2	3	2	2	3	3	3	3	3	3	2	3	3	3	3	2	3	3	3	3	4
1	4	2	3	3	2	3	2	3	4	3	3	3	3	3	4	3	3	4	4	3	4	3	3	3	3	3	4	2	3	3	3	3	2	4	3	3	4	3	2	2	3	3	3	3	3	4	3	3	2	3	3	3	3	3	4	3	3	3	2	2	3	4	3	4	3	3	3	3	2	3	3	3	2	3	4	3	4	3	2	3	2	2	3	3	3	3	3	3	2	3	3	3	3	2	3	3	3	3	4
1	3	2	2	2	2	3	2	3	3	3	3	3	2	2	3	3	3	3	3	3	3	3	3	3	3	3	3	2	3	3	3	3	2	3	3	3	3	3	2	2	3	3	3	3	2	3	3	3	2	3	3	3	3	3	3	3	3	3	2	2	3	3	3	3	3	3	2	3	2	3	3	3	2	2	3	3	3	3	2	3	2	2	3	3	3	2	3	3	2	3	3	3	3	2	3	3	3	3	3
1	4	2	3	3	2	3	2	3	4	3	3	3	3	3	4	3	3	4	4	3	4	3	3	3	3	3	4	2	3	3	3	3	2	4	3	3	4	3	2	2	3	3	3	3	3	4	3	3	2	3	3	3	3	3	4	3	3	3	2	2	3	4	3	3	3	3	3	3	2	3	3	3	2	3	4	3	4	3	2	3	2	2	3	3	3	3	3	3	2	3	3	3	3	2	3	3	3	3	4
1	3	2	2	2	2	3	2	3	3	3	3	3	2	2	3	3	3	3	3	3	3	3	3	3	3	3	3	2	3	3	3	3	2	3	3	3	3	3	2	2	3	3	3	3	2	3	3	3	2	3	3	3	3	3	3	3	3	3	2	2	3	3	3	3	3	3	2	3	2	3	3	3	2	2	3	3	3	3	2	3	2	2	3	3	3	2	3	3	2	3	3	3	3	2	3	3	3	3	3
1	3	2	2	2	2	3	2	3	3	3	3	3	2	2	3	3	3	3	3	3	3	3	3	3	3	3	3	2	3	3	3	3	2	3	3	3	3	3	2	2	3	3	3	3	2	3	3	3	2	3	3	3	3	3	3	3	3	3	2	2	3	3	3	3	3	3	2	3	2	3	3	3	2	2	3	3	3	3	2	3	2	2	3	3	3	2	3	3	2	3	3	3	4	2	3	3	3	3	3
1	3	2	2	2	2	3	2	3	3	3	3	3	2	2	3	3	3	3	3	3	3	3	3	3	3	3	3	2	3	3	3	3	2	3	3	3	3	3	2	3	3	3	3	3	2	3	3	3	2	3	3	3	3	3	3	3	3	3	2	2	3	3	3	3	3	3	2	3	2	3	3	3	2	2	3	3	3	3	2	3	2	2	3	3	3	2	3	3	2	3	3	3	4	2	3	3	3	3	3
1	4	2	3	3	2	3	2	3	4	3	3	3	3	3	4	3	3	4	4	3	4	3	3	3	3	3	4	2	3	3	3	3	2	3	3	3	4	3	2	2	3	3	3	3	3	4	3	3	2	3	3	3	3	3	4	3	3	3	2	2	3	4	3	3	3	3	3	3	2	3	3	3	2	3	4	3	4	3	2	3	2	2	3	3	3	3	3	3	2	3	3	3	3	2	3	3	3	3	4
1	3	2	2	2	2	3	2	3	3	3	3	3	2	2	3	3	3	3	3	3	3	3	3	3	3	3	3	2	3	3	3	3	2	3	3	3	3	3	2	2	3	3	3	3	2	3	3	3	2	3	3	3	3	3	3	3	3	3	2	2	3	3	3	3	3	3	2	3	2	3	3	3	2	2	3	3	3	3	2	3	2	2	3	3	3	2	3	3	2	3	3	3	3	2	3	3	3	3	3
1	3	2	2	2	2	3	2	3	3	3	3	3	2	2	3	3	3	3	3	3	3	3	3	3	3	3	3	2	3	3	3	3	2	3	3	3	3	3	2	2	3	3	3	3	2	3	3	3	2	3	3	3	3	3	3	3	3	3	2	2	3	3	3	3	3	3	2	3	2	3	3	3	2	2	3	3	3	3	2	3	2	2	3	3	3	2	3	3	2	3	3	3	3	2	3	3	3	3	3
1	3	2	2	2	2	3	2	4	3	3	4	3	2	2	3	3	3	3	3	3	3	3	3	3	3	3	3	2	3	3	4	3	2	3	3	3	3	4	2	2	3	3	3	3	2	3	3	3	2	3	3	3	3	3	3	3	3	3	2	2	4	3	3	3	3	3	2	3	2	3	3	3	2	2	3	4	3	3	2	3	2	2	4	3	3	2	3	3	2	3	3	4	3	2	3	4	3	4	3
1	2	1	1	1	2	2	1	2	2	2	2	2	1	1	2	2	2	2	2	2	2	2	2	2	2	2	2	2	2	2	2	2	1	2	2	2	2	2	2	2	2	2	2	2	1	2	2	2	1	2	2	2	2	2	2	2	2	2	1	1	2	2	2	2	2	2	1	2	2	2	2	2	1	2	2	2	2	2	1	2	2	1	2	2	2	1	2	2	1	2	2	2	2	2	2	2	2	2	2
1	3	2	2	2	2	3	2	3	3	3	3	3	2	2	3	3	3	3	3	3	3	3	3	3	3	3	3	2	3	3	3	3	2	3	3	3	3	3	2	2	3	3	3	3	2	3	3	3	2	3	3	3	3	3	3	3	3	3	2	2	3	3	3	3	3	3	2	3	2	3	3	3	2	2	3	3	3	3	2	3	2	2	3	3	3	2	3	3	2	3	3	3	3	2	3	3	3	3	3
1	3	2	2	2	2	3	2	3	3	3	3	3	2	2	3	3	3	3	3	3	3	3	3	3	3	3	3	2	3	3	3	3	2	3	3	3	3	3	2	2	3	3	3	3	2	3	3	3	2	3	3	3	3	3	3	3	3	3	2	2	3	3	3	3	3	3	2	3	2	3	3	3	2	2	3	3	3	3	2	3	2	2	3	3	3	2	3	3	2	3	3	3	3	2	3	3	3	3	3
1	3	2	2	2	2	3	2	3	3	3	3	3	2	2	3	3	3	3	3	3	3	3	3	3	3	3	3	2	3	3	3	3	2	3	3	3	3	3	2	2	3	3	3	3	2	3	3	3	2	3	3	3	3	3	3	3	3	3	2	2	3	3	3	3	3	3	2	3	2	3	3	3	2	2	3	3	3	3	2	3	2	2	3	3	3	2	3	4	2	3	3	3	3	2	3	3	3	3	3
1	4	2	3	3	2	3	2	3	4	3	3	3	3	3	4	3	3	4	4	3	4	3	3	3	3	3	4	2	3	3	3	3	2	4	3	3	4	3	2	3	3	3	3	3	3	4	3	3	2	3	3	3	3	3	4	3	3	3	2	2	3	4	3	3	3	3	3	3	2	3	3	3	2	3	4	3	4	3	2	3	2	2	3	3	3	3	3	3	2	3	3	3	3	2	3	3	3	3	4
1	4	2	3	3	2	3	2	3	4	3	3	3	3	3	4	3	3	4	4	3	4	3	3	3	3	3	4	2	3	3	3	3	2	4	3	3	4	3	2	2	3	3	3	3	3	4	3	3	2	3	3	3	3	3	4	3	3	3	2	2	3	4	3	3	3	3	3	3	2	3	3	3	2	3	4	3	4	3	2	3	2	2	3	3	3	3	3	3	2	3	3	3	3	2	3	3	3	3	4
1	4	2	3	3	2	3	2	3	4	3	3	3	3	3	4	3	3	4	4	3	4	3	3	3	3	3	4	2	3	3	3	3	2	4	3	3	4	3	2	2	3	3	3	3	3	4	3	3	2	3	3	3	3	3	4	3	3	3	2	2	3	4	3	3	3	3	3	3	2	3	3	3	2	3	4	3	4	3	2	3	2	2	3	3	3	3	3	3	2	3	3	3	3	2	3	3	3	3	4
1	3	2	2	2	2	3	2	3	3	3	3	3	2	2	3	3	3	3	3	3	3	3	3	3	3	3	3	2	3	3	3	3	2	3	3	3	3	3	2	2	3	3	3	3	2	3	3	3	2	3	3	3	3	3	3	3	3	3	2	2	3	3	3	3	3	3	2	3	2	3	3	3	2	2	3	3	3	3	2	3	2	2	3	3	3	2	3	3	2	3	3	3	3	2	3	3	3	3	3
1	4	2	3	3	2	3	2	3	4	3	3	3	3	3	4	3	3	4	4	3	4	3	3	3	3	3	4	2	3	3	3	3	2	3	3	3	4	3	2	2	3	3	3	3	3	4	3	3	2	3	3	3	3	3	4	3	3	3	2	2	3	4	3	3	3	3	3	3	2	3	3	3	2	3	4	3	4	3	2	3	2	2	3	3	3	3	3	3	2	3	3	3	3	2	3	3	3	3	4
1	3	1	2	2	2	2	1	2	3	2	2	2	2	2	3	2	2	3	3	2	3	2	2	2	2	2	3	2	2	2	2	2	1	3	2	3	3	2	2	2	2	2	2	2	2	3	2	2	1	2	2	2	2	2	3	2	2	2	1	1	2	3	2	2	2	2	2	2	2	2	2	2	1	3	3	2	3	2	1	2	2	1	2	2	2	2	2	2	1	2	2	2	2	2	2	2	2	2	3
1	3	2	2	2	2	3	2	3	3	3	3	3	2	2	3	3	3	3	3	3	3	3	3	3	3	3	3	2	3	3	3	3	2	3	3	3	3	3	2	2	3	3	3	3	2	3	3	3	2	3	3	3	3	3	3	3	3	3	2	2	3	3	3	3	3	3	2	3	2	3	3	3	2	2	3	3	3	3	2	3	2	2	3	3	3	2	3	3	2	3	3	3	3	2	3	3	3	3	3
1	4	2	3	3	2	3	2	3	4	3	3	3	3	3	4	3	3	4	4	3	4	3	3	3	3	3	4	2	3	3	3	3	2	4	3	3	4	3	2	2	3	3	3	3	3	4	3	3	2	3	3	3	3	3	4	3	3	3	2	2	3	4	3	3	3	3	3	3	2	3	3	3	2	3	4	3	4	3	2	3	2	2	3	3	3	3	3	3	2	3	3	3	3	2	3	3	3	3	4
1	3	2	2	2	2	3	2	3	3	3	3	3	2	2	3	3	3	3	3	3	3	3	3	3	3	3	3	2	3	3	3	3	2	3	3	3	3	3	2	2	3	3	3	3	2	3	3	3	2	3	3	3	3	3	3	3	3	3	2	2	3	3	3	3	3	3	2	3	2	3	3	3	2	2	3	3	3	3	2	3	2	2	3	3	3	2	3	3	2	3	3	3	3	2	3	3	3	3	3
2	3	3	2	2	2	4	3	4	3	4	4	3	2	2	3	4	4	3	3	3	3	4	4	4	4	4	3	3	4	4	4	4	2	4	3	4	3	3	3	4	4	4	4	4	2	3	4	4	3	4	4	4	3	4	3	4	4	4	3	3	4	3	3	4	4	4	2	4	2	4	4	3	3	2	3	4	3	3	3	4	3	3	4	4	4	2	4	4	3	4	4	4	5	3	3	3	4	4	3
1	4	2	3	3	2	3	2	3	4	3	3	3	3	3	4	3	3	4	4	3	4	3	3	3	3	3	4	2	3	3	3	3	2	4	3	3	4	3	2	2	3	3	3	3	3	4	3	3	2	3	3	3	3	3	4	3	3	3	2	2	3	4	3	3	3	3	3	3	2	3	3	3	2	3	4	3	4	3	2	3	2	2	3	3	3	3	3	3	2	3	3	3	3	2	3	3	3	3	4
1	4	2	3	3	2	3	2	3	4	3	3	3	3	3	4	3	3	4	4	3	4	3	3	3	3	3	4	2	3	3	3	3	2	4	3	3	4	3	2	2	3	3	3	3	3	4	3	3	2	3	3	3	3	3	4	3	3	3	2	2	3	4	3	3	3	3	3	3	2	3	3	3	2	3	4	3	4	3	2	3	2	2	3	3	3	3	3	3	2	3	3	3	3	2	3	3	3	3	4
1	3	2	2	2	2	3	2	3	3	3	3	3	2	2	3	3	3	3	3	3	3	3	3	3	3	3	3	2	3	3	3	3	2	3	3	3	3	3	2	2	3	3	3	3	2	3	3	3	2	3	3	3	3	3	3	3	3	4	2	2	3	3	3	3	3	3	2	3	2	3	3	3	2	2	3	3	3	3	2	3	2	2	3	3	3	2	3	3	2	3	3	3	3	2	3	3	3	3	3
1	2	1	1	1	2	2	1	2	2	2	2	2	1	1	2	2	2	2	2	2	2	2	2	2	2	2	2	2	2	2	2	3	1	2	2	2	2	2	2	2	2	2	2	2	1	2	2	2	1	2	2	2	2	2	2	2	2	2	1	1	2	2	2	2	2	2	1	2	2	2	2	2	1	2	2	2	2	2	1	2	2	1	2	2	2	1	2	2	1	2	2	2	2	2	2	2	2	2	2
1	3	2	2	2	2	3	2	3	3	3	3	3	2	2	3	3	3	3	3	3	3	3	3	3	3	3	3	2	3	3	3	3	2	3	3	3	3	3	2	2	3	3	3	3	2	3	3	3	2	3	3	3	3	3	3	3	3	3	2	2	3	3	3	3	3	3	2	3	2	3	3	3	2	2	3	3	3	3	2	3	2	2	3	3	3	2	3	3	2	3	3	3	4	2	3	3	3	3	3
1	3	2	2	2	2	3	2	3	3	3	3	4	2	2	3	3	3	3	3	4	3	3	3	3	3	3	3	2	3	3	3	3	2	3	3	3	3	4	2	2	3	3	3	3	2	3	3	3	2	3	3	3	3	3	3	3	3	3	2	2	3	3	4	3	3	3	2	3	2	3	3	3	2	2	3	3	3	3	2	3	2	2	3	3	3	2	3	3	2	3	3	3	3	2	3	3	3	3	3
1	3	2	2	2	2	3	2	3	3	3	3	3	2	2	3	3	3	3	3	3	3	3	3	3	3	3	3	2	3	3	3	3	2	3	3	3	3	3	2	2	3	3	3	3	2	3	3	3	2	3	3	3	3	3	3	3	3	3	2	2	3	3	3	3	3	3	2	3	2	3	3	3	2	2	3	3	3	3	2	3	2	2	3	3	3	2	3	3	2	3	3	3	3	2	3	3	3	3	3
1	4	2	3	3	2	3	2	3	4	3	3	3	3	3	4	3	3	4	4	3	4	3	3	3	3	3	4	2	3	3	3	3	2	3	3	3	4	3	2	2	3	3	3	3	3	4	3	3	2	3	3	3	3	3	4	3	3	3	2	2	3	4	3	3	3	3	3	3	2	3	3	3	2	3	4	3	4	3	2	3	2	2	3	3	3	3	3	3	2	3	3	3	3	2	3	3	3	3	4
1	3	2	2	2	2	3	2	3	3	3	3	3	2	2	3	3	3	3	3	3	3	3	3	3	3	3	3	2	3	3	3	3	2	3	3	3	3	3	2	2	3	3	3	3	2	3	3	3	2	3	3	3	3	3	3	3	3	3	2	2	3	3	3	3	3	3	2	3	2	3	3	3	2	2	3	3	3	3	2	3	2	2	3	3	3	2	3	3	2	3	3	3	3	2	3	3	3	3	3
1	3	2	2	2	2	3	2	3	3	3	3	3	2	2	3	3	3	3	3	3	3	3	3	3	3	3	3	2	3	3	3	3	2	3	3	3	3	3	2	2	3	3	3	3	2	3	3	3	2	3	3	3	3	3	3	3	3	3	2	2	3	3	3	3	3	3	2	3	2	3	3	3	2	2	3	3	3	3	2	3	2	2	3	3	3	2	3	3	2	3	3	3	3	2	3	3	3	3	3
1	3	2	2	2	2	3	2	3	3	3	3	3	2	2	3	3	3	3	3	3	3	3	3	3	3	3	3	2	3	3	3	3	2	3	3	3	3	3	2	2	3	3	3	3	2	3	3	3	2	3	3	3	3	3	3	3	3	3	2	2	3	3	3	3	3	3	2	3	2	3	3	3	2	2	3	3	3	3	2	3	2	2	3	3	3	2	3	3	2	3	3	3	3	2	3	3	3	3	3
1	4	2	3	3	2	3	2	3	4	3	3	3	3	3	4	3	3	4	4	3	4	3	3	3	4	3	4	2	3	3	3	3	2	4	3	3	4	3	2	2	3	3	3	3	3	4	3	3	2	3	3	3	3	3	4	3	3	3	2	2	3	4	3	3	3	3	3	3	2	3	3	3	2	3	4	3	4	3	2	3	2	2	3	3	3	3	3	3	2	3	3	3	3	2	3	3	3	3	4
1	3	2	2	2	2	3	2	3	3	3	3	3	2	2	3	3	3	3	3	3	3	3	3	3	3	3	3	2	3	3	3	3	2	3	3	3	3	3	2	2	3	3	3	3	2	3	3	3	2	3	3	3	3	3	3	3	3	3	2	2	3	3	3	3	3	3	2	3	2	3	3	3	2	2	3	3	3	3	2	3	2	2	3	3	3	2	3	3	2	3	3	3	3	2	3	3	3	3	3
1	3	2	2	2	2	3	2	3	3	3	3	3	2	2	3	3	3	3	3	3	3	3	3	3	3	3	3	2	3	3	3	3	2	3	3	3	3	3	2	3	3	3	3	3	2	3	3	3	2	3	3	3	3	3	3	3	3	3	2	2	3	3	3	3	3	3	2	3	2	3	3	3	2	2	3	3	3	3	2	3	2	2	3	3	3	2	3	3	2	3	3	3	4	2	3	3	3	3	3
1	3	1	2	2	2	2	1	2	3	2	2	2	2	2	3	2	2	3	3	2	3	2	2	2	2	2	3	2	2	2	2	2	1	3	2	2	3	2	2	2	2	2	2	2	2	3	2	2	1	2	2	2	2	2	3	2	2	2	1	1	2	3	2	2	2	2	2	2	2	2	2	2	1	3	3	2	3	2	1	2	2	1	2	2	2	2	2	2	1	2	2	2	2	2	2	2	2	2	3
1	3	2	2	2	2	3	2	3	3	3	3	3	2	2	3	3	3	3	3	3	3	3	3	3	3	3	3	2	3	3	3	3	2	3	3	3	3	3	2	2	3	3	3	3	2	3	3	3	2	3	3	3	3	3	3	3	3	3	2	2	3	3	3	3	3	3	2	3	2	3	3	3	2	2	3	3	3	3	2	3	2	2	3	3	3	2	3	3	2	3	3	3	3	2	3	3	3	3	3
1	3	2	2	2	2	3	2	3	3	3	3	3	2	2	3	3	3	3	3	3	3	3	3	3	3	3	3	2	3	3	3	3	2	3	3	3	3	3	2	2	3	3	3	3	2	3	3	3	2	3	3	3	3	3	3	3	3	3	2	2	3	3	3	3	3	3	2	3	2	3	3	3	2	2	3	3	3	3	2	3	2	2	3	3	3	2	3	3	2	3	3	3	3	2	3	3	3	3	3
1	4	2	3	3	2	3	2	3	4	3	3	3	3	3	4	3	3	4	4	3	4	3	3	3	4	3	4	2	3	3	3	3	2	4	3	3	4	3	2	2	3	3	3	3	3	4	3	3	2	3	3	3	3	3	4	3	3	3	2	2	3	4	3	3	3	3	3	3	2	3	3	3	2	3	4	3	4	3	2	3	2	2	3	3	3	3	3	3	2	3	3	3	3	2	3	3	3	3	4
1	3	2	2	2	2	3	2	3	3	3	3	3	2	2	3	3	3	3	3	3	3	3	3	3	3	3	3	2	3	3	3	3	2	3	3	3	3	3	2	2	3	3	3	3	2	3	3	3	2	3	3	3	3	3	3	3	3	3	2	2	3	3	3	3	3	3	2	3	2	3	3	3	2	2	3	3	3	3	2	3	2	2	3	3	3	2	3	3	2	3	3	3	3	2	3	3	3	3	3
1	3	2	2	2	2	3	2	3	3	3	3	3	2	2	3	3	3	3	3	3	3	3	3	3	3	3	3	2	3	3	3	3	2	3	3	3	3	3	2	2	3	3	3	3	2	3	3	3	2	3	3	3	3	3	3	3	3	3	2	2	3	3	3	3	3	3	2	3	2	3	3	3	2	2	3	3	3	3	2	3	2	2	3	3	3	2	3	4	2	3	3	3	3	2	3	3	3	3	3
1	2	1	2	2	1	2	1	2	2	2	2	2	2	2	2	2	2	2	2	2	2	2	2	2	2	2	2	1	2	2	2	2	2	2	2	2	2	2	1	1	2	2	2	2	2	2	2	2	2	2	2	2	2	2	2	2	2	2	1	2	2	2	2	2	2	2	1	2	1	2	2	2	2	1	2	2	2	2	1	2	1	1	2	2	2	2	2	3	1	2	2	2	2	1	2	2	2	2	2
1	3	2	2	2	2	3	2	3	3	3	3	3	2	2	3	3	3	3	3	3	3	3	3	3	3	3	3	2	3	3	3	3	2	3	3	3	3	3	2	2	3	3	3	3	2	3	3	3	2	3	3	3	3	3	3	3	3	4	2	2	3	3	3	3	3	3	2	3	2	3	3	3	2	2	3	3	3	3	2	3	2	2	3	3	3	2	3	3	2	3	3	3	3	2	3	3	3	3	3
1	2	1	1	1	2	2	1	2	2	2	2	2	1	1	2	2	2	2	2	2	2	2	2	2	2	2	2	2	2	2	2	2	1	2	2	2	2	2	2	2	2	2	2	2	1	2	2	2	1	2	2	2	2	2	2	2	2	2	1	1	2	2	2	2	2	2	1	2	2	2	2	2	1	2	2	2	2	2	1	2	2	1	2	2	2	1	2	2	1	2	2	2	2	2	2	2	2	2	2
2	4	3	3	3	3	4	3	3	4	4	4	3	3	3	4	4	4	4	4	3	4	4	4	4	4	4	4	3	4	4	4	4	3	4	4	4	4	3	3	2	4	4	4	4	3	4	4	3	2	4	4	4	3	4	4	3	3	4	3	3	4	4	3	3	4	4	3	4	3	4	4	4	2	3	4	4	4	4	3	3	3	3	4	4	4	3	3	4	3	4	4	3	4	3	4	3	4	3	4
1	3	2	2	2	2	3	2	3	3	3	3	3	2	2	3	3	3	3	3	3	3	3	3	3	3	3	3	2	3	3	3	3	2	3	3	3	3	3	2	3	3	3	3	3	2	3	3	3	2	3	3	3	3	3	3	3	3	3	2	2	3	3	3	3	3	3	2	3	2	3	3	3	2	2	3	3	3	3	2	3	2	2	3	3	3	2	3	3	2	3	3	3	4	2	3	3	3	3	3
