Deck Distance Score for: 
      Results/UntilAvg60Run/FROM_null_WITH_r6_c50 (Left side from top to bottom)
and   Results/UntilAvg60Run/FROM_null_WITH_r6_c95 (Top side from left to right)

Similarity: 27,45% (Score: 49408/180000) 

5	5	5	5	6	6	6	5	6	6	4	5	6	4	3	5	6	6	5	5	6	5	5	5	6	4	4	5	5	5	4	3	5	5	5	5	5	5	6	5	5	5	6	6	6	6	6	6	5	6	5	6	5	6	5	5	6	6	6	6	4	6	5	5	4	5	6	5	5	6	5	5	5	4	6	5	5	7	6	6	6	5	6	4	5	6	4	6	5	4	6	6	5	5	6	6	6	3	6	5
4	4	4	4	5	5	5	4	5	5	3	4	5	3	3	4	5	5	4	4	5	4	4	4	5	3	3	4	4	4	4	2	4	4	4	5	4	4	5	4	4	4	5	5	5	5	5	5	4	5	4	5	4	5	4	4	5	5	5	5	3	5	4	4	3	4	5	4	4	5	4	4	4	3	5	4	4	5	5	5	5	4	5	4	4	5	4	5	4	3	5	5	4	4	5	5	5	3	5	4
4	4	4	4	5	5	5	4	5	5	3	4	5	4	2	4	5	5	4	4	5	4	4	4	5	4	4	4	4	4	3	3	4	4	4	4	4	4	5	4	4	4	5	5	5	5	5	5	4	5	4	5	4	5	4	4	5	5	5	5	3	5	4	4	3	5	5	4	4	5	4	4	4	4	5	4	4	5	5	5	5	5	5	3	4	5	3	5	4	4	5	5	4	4	5	5	5	2	5	4
5	5	5	5	6	6	6	5	6	6	4	5	6	4	3	5	6	6	5	5	6	5	5	5	6	4	4	5	5	5	4	3	5	5	5	5	5	5	6	5	5	5	6	6	6	6	6	6	5	6	5	6	5	6	5	5	6	6	6	6	4	6	5	5	4	5	6	5	5	6	5	5	5	4	6	5	5	6	6	6	6	5	6	4	5	6	4	6	5	4	6	6	5	5	6	6	6	3	6	5
5	5	5	5	6	6	6	5	6	6	4	5	6	4	3	5	6	6	5	5	6	5	5	5	6	4	4	5	5	5	4	3	5	5	5	5	5	5	6	5	5	5	6	6	6	6	6	6	5	6	5	6	5	6	5	5	6	6	6	6	4	6	5	5	4	5	6	5	5	6	5	5	5	4	6	5	5	6	6	6	6	5	6	4	5	6	4	6	5	4	6	6	5	5	6	6	6	3	6	5
6	6	6	5	6	7	6	6	7	6	5	5	6	4	4	7	7	6	6	6	7	6	6	5	6	5	5	6	6	5	5	4	6	6	6	5	6	5	6	6	6	5	7	6	6	7	7	6	5	7	5	6	6	6	5	6	7	6	7	7	5	6	5	6	5	5	6	6	5	6	6	5	6	5	7	7	6	6	6	6	7	5	7	4	6	7	5	6	5	5	6	6	6	6	6	6	6	5	6	6
4	4	4	4	5	5	5	5	5	5	3	5	5	3	3	4	5	5	4	4	5	4	4	4	5	3	3	4	4	5	3	2	4	4	5	4	4	4	5	4	4	5	5	5	5	5	5	5	4	5	5	5	4	5	4	4	5	5	6	5	3	5	5	4	3	4	5	4	4	5	4	4	4	3	5	4	4	5	5	5	5	5	5	3	4	5	3	5	5	3	5	5	4	4	5	5	5	2	5	4
4	4	4	4	5	5	5	5	5	5	3	5	5	3	3	4	5	5	4	4	5	4	4	4	5	3	3	4	4	5	3	2	4	4	5	4	4	4	5	4	4	5	5	5	5	5	5	5	4	5	5	5	4	5	4	4	5	5	5	5	3	5	5	4	3	4	5	4	4	5	4	4	4	3	5	4	4	5	5	5	5	5	5	3	4	5	3	5	5	3	5	5	4	4	5	5	5	2	5	4
5	5	5	6	6	6	6	5	6	6	5	5	6	5	4	6	6	6	6	5	6	6	6	6	6	4	5	5	6	5	4	4	5	6	5	5	5	5	6	6	6	5	6	6	6	6	6	6	5	6	5	6	6	6	5	5	6	6	6	6	5	6	5	6	5	5	6	5	6	6	6	6	6	5	6	6	6	6	6	6	6	5	6	4	6	6	5	6	5	5	6	6	6	6	6	6	6	4	6	6
5	5	5	5	6	6	6	5	6	6	4	5	6	4	3	5	6	6	5	5	6	5	5	5	6	4	4	5	5	5	4	3	5	5	5	5	5	5	6	5	5	5	6	6	6	6	6	6	5	6	5	6	5	6	5	5	6	6	6	7	4	6	5	5	4	5	6	5	5	6	5	5	5	4	6	5	5	6	6	6	6	5	6	4	5	6	4	6	5	4	6	6	5	5	6	6	6	3	6	5
5	5	5	5	6	6	6	5	6	6	4	5	6	4	3	5	6	6	5	5	6	5	5	5	6	4	4	5	5	5	4	3	5	5	5	5	5	5	6	5	5	5	6	6	6	6	6	6	5	6	5	6	5	6	5	5	6	6	6	6	4	6	5	5	4	5	6	5	5	6	5	5	5	4	6	5	5	6	6	6	6	5	6	4	5	6	4	6	5	4	6	6	5	5	6	6	6	3	6	5
5	5	5	5	6	6	6	5	6	6	4	5	6	4	3	5	6	6	5	5	6	5	5	5	6	4	4	5	5	5	4	3	5	5	5	6	5	5	6	5	5	5	6	6	6	6	6	6	5	6	5	6	5	6	5	5	6	6	6	6	4	6	5	5	4	5	6	5	5	6	5	5	5	4	6	5	5	6	6	6	6	5	6	4	5	6	4	6	5	4	6	6	5	5	6	6	6	3	6	5
4	4	4	4	5	5	5	4	5	5	4	4	5	3	2	4	5	5	4	4	5	4	4	4	5	3	3	4	4	4	3	2	5	4	4	4	4	5	5	4	4	4	5	5	5	5	5	5	4	5	4	5	4	5	4	4	5	5	5	5	4	5	4	4	3	4	5	4	4	5	4	4	4	3	5	4	4	5	5	5	5	4	5	3	5	5	3	5	4	3	5	5	4	4	5	5	5	2	5	4
5	5	5	5	5	5	6	4	5	5	4	5	5	4	3	5	5	5	5	5	5	5	5	5	5	4	4	5	5	4	4	3	4	5	4	4	4	4	5	5	5	4	5	5	5	5	5	5	4	5	4	5	5	5	4	5	5	5	5	5	4	5	4	5	4	4	5	4	5	5	5	5	5	4	5	5	5	5	5	5	5	4	5	3	5	5	4	5	4	4	5	5	5	5	6	5	5	3	5	5
5	5	5	5	6	6	6	5	6	6	4	5	6	4	3	5	6	6	5	5	6	5	5	5	6	4	4	5	5	5	4	3	5	5	5	5	5	5	6	5	5	5	6	6	6	6	6	6	5	6	5	6	5	6	5	5	6	6	6	6	4	6	5	5	4	5	6	5	5	6	5	5	5	4	6	5	5	6	6	6	6	5	6	4	5	6	4	6	5	4	6	6	5	5	6	6	6	3	6	5
5	6	6	5	6	6	6	5	6	6	5	5	6	4	4	7	6	6	6	6	6	6	6	5	6	5	5	6	6	5	5	4	5	6	5	5	5	5	6	6	6	5	6	6	6	6	6	6	5	6	5	6	6	6	5	6	6	6	6	6	5	6	5	6	4	5	6	5	5	6	6	5	6	5	6	7	6	6	6	6	6	5	6	4	6	6	5	6	5	5	6	6	6	6	6	6	6	4	6	6
4	4	4	4	5	5	5	4	5	5	3	4	5	3	3	4	5	5	4	4	5	4	4	4	5	3	3	4	4	4	4	2	4	4	4	5	4	4	5	4	4	4	5	5	5	5	5	5	4	5	4	5	4	5	4	4	5	5	5	5	3	5	4	4	3	4	5	4	4	5	4	4	4	3	5	4	4	5	5	5	5	4	5	4	4	5	4	5	4	3	5	5	4	4	5	5	5	3	5	4
4	4	4	4	5	5	5	5	5	5	3	5	5	3	3	4	5	5	4	4	5	4	4	4	5	3	3	4	4	5	3	2	4	4	5	4	4	4	5	4	4	5	5	5	5	5	5	5	4	5	5	5	4	5	4	4	5	5	5	5	3	5	5	4	3	4	5	4	4	5	4	4	4	3	5	4	4	5	5	5	5	5	5	3	4	5	3	5	5	3	5	5	4	4	5	5	5	2	5	4
4	4	4	4	5	5	5	5	5	5	3	5	5	3	3	4	5	5	4	4	5	4	4	4	5	3	3	4	4	5	3	2	4	4	5	4	5	4	5	4	4	5	5	5	5	5	5	5	4	5	5	5	4	5	4	4	5	5	5	5	3	5	5	4	3	4	5	4	4	5	4	4	4	3	5	4	4	5	5	5	5	5	5	3	4	5	3	5	5	3	5	5	4	4	5	5	5	2	5	4
5	5	5	5	6	6	6	5	6	6	4	5	6	4	3	5	6	6	5	5	6	5	5	5	6	4	4	5	5	5	4	3	5	5	5	5	6	5	6	5	5	5	6	6	6	6	6	6	5	6	5	6	5	6	5	5	6	6	6	6	4	6	5	5	4	5	6	5	5	6	5	5	5	4	6	5	5	6	6	6	6	5	6	4	5	6	4	6	5	4	6	6	5	5	6	6	6	3	6	5
5	5	5	5	6	6	6	5	6	6	4	5	6	4	3	5	6	6	5	5	6	5	5	5	6	4	4	5	5	5	4	3	5	5	5	5	5	5	6	5	5	5	6	6	6	6	6	6	5	6	5	6	5	6	5	5	6	6	6	6	4	6	5	5	4	5	6	5	5	6	5	5	5	4	6	5	5	6	6	6	6	5	6	4	5	6	4	6	5	4	6	6	5	5	6	6	6	3	6	5
5	5	5	5	6	6	6	5	6	6	4	5	6	4	3	5	6	6	5	5	6	5	5	5	6	4	4	5	5	5	4	3	5	5	5	5	5	5	6	5	5	5	6	6	6	6	6	6	5	6	5	6	5	6	5	5	6	6	6	6	4	6	5	5	4	5	6	5	5	6	5	5	5	4	6	5	5	6	6	6	6	5	6	4	5	6	4	6	5	4	6	6	5	5	6	6	6	3	6	5
5	5	5	5	6	6	6	5	6	6	4	5	6	4	3	5	6	6	5	5	6	5	5	5	6	4	4	5	5	5	4	3	5	5	5	5	5	5	6	5	5	5	6	6	6	6	6	6	5	6	5	6	5	6	5	5	6	6	6	6	4	6	5	5	4	5	6	5	5	6	5	5	5	4	6	5	5	6	6	6	6	5	6	4	5	6	4	6	5	4	6	6	5	5	6	6	6	3	6	5
5	6	6	5	6	6	6	5	6	6	5	5	6	4	4	7	6	6	6	6	6	6	6	5	6	5	5	6	6	5	5	4	5	6	5	5	5	5	6	6	6	5	6	6	6	6	6	6	5	6	5	6	6	6	5	6	6	6	6	6	5	6	5	6	4	5	6	5	5	6	6	5	6	5	6	7	6	6	6	6	6	5	6	4	6	6	5	6	5	5	6	6	6	6	6	6	6	4	6	6
5	5	5	5	6	6	6	5	6	6	4	5	6	4	3	5	6	6	5	5	6	5	5	5	6	4	4	5	5	5	4	3	5	5	5	5	5	5	6	5	5	5	6	6	6	6	6	6	5	6	5	6	5	6	5	5	6	6	6	6	4	6	5	5	4	5	6	5	5	6	5	5	5	4	6	5	5	6	6	6	6	5	6	4	5	6	4	6	5	4	6	6	5	5	6	6	6	3	6	5
4	4	4	4	5	5	5	4	5	5	3	4	5	3	3	4	5	5	4	4	5	4	4	4	5	3	3	4	4	4	4	2	4	4	4	5	4	4	5	4	4	4	5	5	5	5	5	5	4	5	4	5	4	5	4	4	5	5	5	5	3	5	4	4	3	4	5	4	4	5	4	4	4	3	5	4	4	5	5	5	5	4	5	4	4	5	4	5	4	3	5	5	4	4	5	5	5	3	5	4
5	5	5	5	6	6	6	5	6	6	4	5	6	4	3	5	6	6	5	5	6	5	5	5	6	4	4	5	5	5	4	3	5	5	5	5	6	5	6	5	5	5	6	6	6	6	6	6	5	6	5	6	5	6	5	5	6	6	6	6	4	6	5	5	4	5	6	5	5	6	5	5	5	4	6	5	5	6	6	6	6	5	6	4	5	6	4	6	5	4	6	6	5	5	6	6	6	3	6	5
5	5	5	5	6	6	6	5	6	6	4	5	6	4	3	5	6	6	5	5	6	5	5	5	6	4	4	5	5	5	4	3	5	5	5	5	5	5	6	5	5	5	6	6	6	6	6	6	5	6	5	6	5	6	5	5	6	6	6	6	4	6	5	5	4	5	6	6	5	6	5	5	5	4	6	5	5	6	6	6	6	5	6	4	5	6	4	6	5	4	6	6	5	5	6	6	6	3	6	5
5	5	5	5	6	6	6	5	6	6	4	5	6	4	3	5	6	7	5	5	6	5	5	5	6	4	4	5	5	6	4	3	5	5	5	5	5	5	6	5	5	5	6	6	6	6	6	6	5	6	5	6	5	6	5	5	6	6	6	6	4	6	5	5	4	5	6	5	5	6	5	5	5	4	6	5	5	6	6	6	6	5	6	4	5	6	4	7	5	4	6	6	5	5	6	6	6	3	6	5
5	5	5	5	6	6	6	5	6	6	4	5	6	4	3	5	6	6	5	5	6	5	5	5	6	4	4	5	5	5	4	3	5	5	5	5	6	5	6	5	5	5	6	6	6	6	6	6	5	6	5	6	5	6	5	5	6	6	6	6	4	6	5	5	4	5	6	5	5	6	5	5	5	4	6	5	5	6	6	6	6	5	6	4	5	6	4	6	5	4	6	6	5	5	6	6	6	3	6	5
4	4	4	4	5	6	5	5	5	5	3	5	5	3	3	4	5	5	4	4	5	4	4	4	5	3	3	4	4	5	3	2	5	4	6	4	5	4	5	4	4	5	5	5	5	6	5	5	4	6	5	5	4	5	4	4	6	5	5	5	3	5	5	4	3	4	5	5	4	5	4	4	4	3	6	4	4	5	5	6	5	5	6	3	4	6	3	5	5	3	5	5	4	4	5	5	5	2	5	4
4	4	4	4	5	5	5	4	5	5	4	4	5	4	2	4	5	5	4	4	5	4	4	4	5	4	4	4	4	4	3	3	4	4	4	4	4	4	5	4	4	4	5	5	5	5	5	5	4	5	4	5	4	5	4	4	5	5	5	5	3	5	4	4	3	5	5	4	4	5	4	4	4	4	5	4	4	5	5	5	5	4	5	3	4	5	3	5	4	4	5	5	4	4	5	5	5	2	5	4
5	5	5	5	6	6	6	5	6	6	4	5	6	4	3	5	6	6	5	5	6	5	5	5	6	4	4	5	5	5	4	3	5	5	5	5	5	5	6	5	5	5	6	6	6	6	6	6	5	6	5	6	5	6	5	5	6	6	6	6	4	6	5	5	4	5	6	5	5	6	5	5	5	4	6	5	5	6	6	6	6	5	6	4	5	6	4	6	5	4	6	6	5	5	6	6	6	3	6	5
5	5	5	5	6	6	6	6	6	6	4	5	6	4	3	5	6	6	5	5	6	5	5	5	6	4	4	5	5	5	4	3	5	5	5	5	5	5	6	5	5	5	6	6	6	6	7	6	5	6	5	6	5	6	5	5	6	6	6	6	4	6	5	5	4	5	6	5	5	6	5	5	5	4	6	5	5	6	6	6	7	5	6	4	5	6	4	6	5	4	6	6	5	5	6	6	6	3	6	5
4	4	4	4	5	5	5	4	5	5	3	4	5	3	3	4	5	5	4	4	5	4	4	4	5	3	3	4	4	4	4	2	4	4	4	5	4	4	5	4	4	4	5	5	5	5	5	5	4	5	4	5	4	5	4	4	5	5	5	5	3	5	4	4	3	4	5	4	4	5	4	4	4	3	5	4	4	5	5	5	5	4	5	4	4	5	4	5	4	3	5	5	4	4	5	5	5	3	5	4
5	5	5	5	6	6	6	5	6	6	4	5	6	4	3	5	6	6	5	5	6	5	5	5	6	4	4	5	5	5	4	3	5	5	5	5	5	5	6	5	5	5	6	6	6	6	6	6	5	6	5	6	5	6	5	5	6	6	6	6	4	6	5	5	4	5	6	5	5	6	5	5	5	4	6	5	5	6	6	6	6	5	6	4	5	6	4	6	5	4	6	6	5	5	6	6	6	3	6	5
4	4	4	4	5	5	5	4	5	5	3	4	5	3	3	4	5	5	4	4	5	4	4	4	5	3	3	4	4	4	4	2	4	4	4	5	4	4	5	4	4	4	5	5	5	5	5	5	4	5	4	5	4	5	4	4	5	5	5	5	3	5	4	4	3	4	5	4	4	5	4	4	4	3	5	4	4	5	5	5	5	4	5	4	4	5	4	5	4	3	5	5	4	4	5	5	5	3	5	4
5	5	5	5	6	6	6	5	6	6	4	5	6	4	3	5	6	6	5	5	6	5	5	5	6	4	4	5	5	5	4	3	5	5	5	5	5	5	6	5	5	5	6	6	6	6	6	6	5	6	5	6	5	6	5	5	6	6	6	6	4	6	5	5	4	5	6	5	5	6	5	5	5	4	6	5	5	6	6	6	6	5	6	4	5	6	4	6	5	4	6	6	5	5	6	6	6	3	6	5
5	5	5	5	6	6	6	5	6	6	4	5	6	4	3	5	6	6	5	5	6	5	5	5	6	4	4	5	5	5	4	3	5	5	5	5	5	5	6	5	5	5	6	6	6	6	6	6	5	6	5	6	5	6	5	5	6	6	6	6	4	6	5	5	4	5	6	5	5	6	5	5	5	4	6	5	5	6	6	6	6	5	6	4	5	6	4	6	5	4	6	6	5	5	6	6	6	3	6	5
5	6	5	5	6	6	6	5	6	6	4	5	6	4	3	5	6	6	5	5	6	5	5	5	6	4	4	5	5	5	4	3	5	5	5	6	5	5	6	5	5	5	6	6	6	6	6	6	5	6	5	6	5	6	5	5	6	6	6	6	4	6	5	5	4	5	6	5	5	6	5	5	5	4	6	5	5	6	6	6	6	5	6	4	5	6	4	6	5	4	6	6	5	5	6	6	6	3	6	5
4	4	4	4	5	5	5	4	5	5	4	4	5	3	2	4	5	5	4	4	5	4	4	4	5	3	3	4	4	4	3	2	5	4	4	4	4	5	5	4	4	4	5	5	5	5	5	5	4	5	4	5	4	5	5	4	5	5	5	5	4	5	4	4	3	4	5	4	4	5	4	4	4	3	5	4	4	5	5	5	5	4	5	3	4	5	3	5	4	3	5	5	4	4	5	5	5	2	5	4
4	4	4	4	5	5	5	4	5	5	3	4	5	3	3	4	5	5	4	4	5	4	4	4	5	3	3	4	4	4	4	2	4	4	4	5	4	4	5	4	4	4	5	5	5	5	5	5	4	5	4	5	4	5	4	4	5	5	5	5	3	5	4	4	3	4	5	4	4	5	4	4	4	3	5	4	4	5	5	5	5	4	5	4	4	5	4	5	4	3	5	5	4	4	5	5	5	3	5	4
4	4	4	4	5	5	5	4	5	5	3	4	5	3	2	4	5	5	4	4	5	4	4	4	5	3	3	4	4	4	3	3	4	4	4	4	5	4	5	4	4	4	5	5	5	5	5	5	5	5	4	5	4	5	5	4	5	5	5	5	3	5	4	4	4	4	5	5	4	5	4	4	4	3	5	4	4	5	5	5	5	4	5	4	4	5	3	5	4	3	5	5	4	4	5	5	5	3	5	4
5	5	5	5	6	6	6	5	6	6	4	5	6	4	3	5	6	6	5	5	6	5	5	5	6	4	4	5	5	5	4	3	5	5	5	5	5	5	6	5	5	5	6	6	6	6	6	6	5	6	5	6	5	6	5	5	6	6	6	6	4	6	5	5	4	5	6	5	5	6	5	5	5	4	6	5	5	6	6	6	6	5	6	4	5	6	4	6	5	4	6	6	5	5	6	6	6	3	6	5
5	5	5	5	6	6	6	5	6	6	4	5	6	4	3	5	6	6	5	5	6	5	5	5	6	4	4	5	5	5	4	3	5	5	5	5	5	5	6	5	5	5	6	6	6	6	6	6	5	6	5	6	5	6	5	5	6	6	6	6	4	6	5	5	4	5	6	5	5	6	5	5	5	4	6	5	5	6	6	6	6	5	6	4	5	6	4	6	5	4	6	6	5	5	6	6	6	3	6	5
5	5	5	5	6	6	6	5	6	6	4	5	6	4	3	5	6	6	5	5	6	5	5	5	6	4	4	5	5	5	4	3	5	5	5	5	5	5	6	5	5	5	6	6	6	6	6	6	5	6	5	6	5	6	5	5	6	6	6	6	4	6	5	5	4	5	6	5	5	6	5	5	5	4	6	5	5	6	6	6	6	5	6	4	5	6	4	6	5	4	6	6	5	5	6	6	6	3	6	5
5	6	6	5	6	6	6	5	6	6	5	5	6	4	4	7	6	6	6	6	6	6	6	5	6	5	5	6	6	5	5	4	5	6	5	5	5	5	6	6	6	5	6	6	6	6	6	6	5	6	5	6	6	6	5	6	6	6	7	6	5	6	5	6	4	5	6	5	5	6	6	5	6	5	6	7	6	6	6	6	6	5	6	4	6	6	5	6	5	5	6	6	6	6	6	6	6	4	6	6
4	5	5	5	5	5	5	5	5	5	4	5	5	4	4	5	5	5	5	4	5	5	5	5	5	4	4	5	5	5	3	3	4	5	5	4	4	4	5	5	5	5	5	5	5	5	5	5	4	5	5	5	5	5	4	5	5	5	5	5	4	5	5	5	4	4	5	4	5	5	5	4	5	4	5	4	5	5	5	5	5	5	5	3	5	5	4	5	5	4	5	5	5	5	5	5	5	3	5	5
4	4	4	4	5	5	5	4	5	5	3	4	5	3	2	4	5	5	4	4	5	4	4	4	5	3	3	4	4	4	3	3	4	4	4	4	5	4	5	4	4	4	5	5	5	5	5	5	5	5	4	5	4	5	5	4	5	5	5	5	3	5	4	4	4	4	5	5	4	5	4	4	4	3	5	4	4	5	5	5	5	4	5	4	4	5	3	5	4	3	5	5	4	4	5	5	5	3	5	4
4	4	4	4	5	5	5	4	5	5	3	4	5	4	2	4	5	5	4	4	5	4	4	4	5	4	4	4	4	4	3	3	4	4	4	4	4	4	5	4	4	4	5	5	5	5	5	5	4	5	4	5	4	5	4	4	5	5	5	5	3	5	4	4	3	5	5	4	4	5	4	4	4	4	5	4	4	5	5	5	5	4	5	3	4	5	3	5	4	4	5	5	4	4	5	5	5	2	5	4
5	5	5	5	6	6	6	5	6	6	4	5	6	4	3	5	6	6	5	5	6	5	5	5	6	4	4	5	5	5	4	3	5	5	5	5	5	5	6	5	5	5	6	6	6	6	6	6	5	6	5	6	5	6	5	5	6	6	6	6	4	6	5	5	4	5	6	5	5	6	5	5	5	4	6	5	5	6	6	6	6	5	6	4	5	6	4	6	5	4	6	6	5	5	6	6	6	3	6	5
5	5	5	5	6	6	6	5	6	6	4	5	6	4	3	5	6	6	5	5	6	5	5	5	6	4	4	5	5	5	4	3	5	5	5	5	5	5	6	5	5	5	6	6	6	6	6	6	5	6	5	6	5	6	5	5	6	6	6	6	4	6	5	5	4	5	6	5	5	6	5	5	5	4	6	5	5	6	6	6	6	5	6	4	5	6	4	6	5	4	6	6	5	5	6	6	6	3	6	5
5	5	5	5	6	6	6	5	6	6	4	5	6	4	3	5	6	6	5	5	6	5	5	5	6	4	4	5	5	5	4	3	5	5	5	5	6	5	6	5	5	5	6	6	6	6	6	6	5	6	5	6	5	6	5	5	6	6	6	6	4	6	5	5	5	5	6	5	5	6	5	5	5	4	6	5	5	6	6	6	6	5	6	4	5	6	4	6	5	4	6	6	5	5	6	6	6	3	6	5
5	5	5	5	6	6	6	5	6	6	4	5	6	4	3	5	6	6	5	5	6	5	5	5	6	4	4	5	5	5	4	3	5	5	5	5	5	5	6	5	5	5	6	6	6	6	6	6	5	6	5	6	5	6	5	5	6	6	6	6	4	6	5	5	4	5	6	5	5	6	5	5	5	4	6	5	5	6	6	6	6	5	6	4	5	6	4	6	5	4	6	6	5	5	6	6	6	3	6	5
5	5	5	5	6	6	6	5	6	6	4	5	6	4	3	5	6	6	5	5	6	5	5	5	6	4	4	5	5	5	4	3	5	5	5	5	5	5	6	5	5	5	6	6	6	6	6	6	5	6	5	6	5	6	5	5	6	6	6	6	4	6	5	5	4	5	6	5	5	6	5	5	5	4	6	5	5	6	6	6	6	5	6	4	5	6	4	6	5	4	6	6	5	5	6	6	6	3	6	5
5	5	5	5	6	6	6	5	6	6	4	5	6	4	3	5	6	6	5	5	6	5	5	5	6	4	4	5	5	5	4	3	5	5	5	5	5	5	6	5	5	5	6	6	6	6	6	6	5	6	5	6	5	6	5	5	6	6	6	6	4	6	5	5	4	5	6	5	5	6	5	5	5	4	6	5	5	6	6	6	6	5	6	4	5	6	4	6	5	4	6	6	5	5	6	6	6	3	6	5
5	5	5	5	6	6	6	5	6	6	4	5	6	4	3	5	6	6	5	5	6	5	5	5	6	4	4	5	5	5	4	3	5	5	5	5	5	5	6	5	5	5	6	6	6	6	6	6	5	6	5	6	5	6	5	5	6	6	6	6	4	6	5	5	4	5	6	5	5	6	5	5	5	4	6	5	5	6	6	6	6	5	6	4	5	6	4	6	5	4	6	6	5	5	6	6	6	3	6	5
4	4	4	4	5	5	5	5	5	5	3	5	5	3	3	4	5	5	4	4	5	4	4	4	5	3	3	4	4	5	3	2	4	4	5	4	4	4	5	4	4	5	5	5	5	5	5	5	4	5	5	5	4	5	4	4	5	5	5	5	3	5	5	4	3	4	5	4	4	5	4	4	4	3	5	4	4	5	5	5	5	5	5	3	4	5	3	5	5	3	5	5	4	4	5	5	5	2	5	4
5	5	5	5	6	6	6	5	6	6	4	5	6	4	3	5	6	6	5	5	6	5	5	5	6	4	4	5	5	5	4	3	5	5	5	5	6	5	6	5	5	5	6	6	6	6	6	6	5	6	5	6	5	6	5	5	6	6	6	6	4	6	5	5	4	5	6	5	5	6	5	5	5	4	6	5	5	6	6	6	6	5	6	4	5	6	4	6	5	4	6	6	5	5	6	6	6	3	6	5
5	5	5	5	6	6	6	5	6	6	4	5	6	4	3	5	6	6	5	5	6	5	5	5	6	4	4	5	5	5	4	3	5	5	5	5	5	5	6	5	5	5	6	6	6	6	6	6	5	6	5	6	5	6	5	5	6	6	6	6	4	6	5	5	4	5	6	5	5	6	5	5	5	4	6	5	5	6	6	6	6	5	6	4	5	6	4	6	5	4	6	6	5	5	6	6	6	3	6	5
5	5	5	5	6	6	6	5	6	6	4	5	6	4	3	5	6	6	5	5	6	5	5	5	6	4	4	5	5	5	4	3	5	5	5	5	5	5	6	5	5	5	6	6	6	6	6	6	5	6	5	6	5	6	5	5	6	6	6	6	4	6	5	5	4	5	6	5	5	6	5	5	5	4	6	5	5	6	6	6	6	5	6	4	5	6	4	6	5	4	6	6	5	5	6	6	6	3	6	5
5	5	5	5	6	6	6	5	6	6	4	5	6	4	3	5	6	6	5	5	6	5	5	5	6	4	4	5	5	5	4	3	5	5	5	5	5	5	6	5	5	5	6	6	6	6	6	6	5	6	5	6	5	6	6	5	6	6	6	6	4	6	5	5	4	5	6	5	5	6	5	5	5	4	6	5	5	6	6	6	6	5	6	4	5	6	4	6	5	4	6	6	5	5	6	6	6	3	6	5
4	4	4	4	5	5	5	4	5	5	3	4	5	3	2	4	5	5	4	4	5	4	4	4	5	3	3	4	4	4	3	3	4	4	4	4	5	4	5	4	4	4	5	5	5	5	5	5	5	5	4	5	4	5	5	4	5	5	5	5	3	5	4	4	4	4	5	5	4	5	4	4	4	3	5	4	4	5	5	5	5	4	5	4	4	5	3	5	4	3	5	5	4	4	5	5	5	3	5	4
4	4	4	4	5	5	5	4	5	5	3	4	5	3	3	4	5	5	4	4	5	4	4	4	5	3	3	4	4	4	4	2	4	4	4	5	4	4	5	4	4	4	5	5	5	5	5	5	4	5	4	5	4	5	4	4	5	5	5	5	3	5	4	4	3	4	5	4	4	5	4	4	4	3	5	4	4	5	5	5	5	4	5	4	4	5	4	5	4	3	5	5	4	4	5	5	5	3	5	4
4	4	4	4	5	5	5	4	5	5	3	4	5	3	3	4	5	5	4	4	5	4	4	4	5	3	3	4	4	4	4	2	4	4	4	5	4	4	5	4	4	4	5	5	5	5	5	5	4	5	4	5	4	5	5	4	5	5	5	5	3	5	4	4	3	4	5	4	4	5	4	4	4	3	5	4	4	5	5	5	5	4	5	4	4	5	4	5	4	3	5	5	4	4	5	5	5	3	5	4
5	5	5	5	5	5	5	4	5	5	4	4	5	4	3	5	5	5	5	5	5	5	5	5	5	4	4	5	5	4	4	3	4	5	4	4	4	4	5	5	5	4	5	5	5	5	5	5	4	5	4	5	5	5	4	5	5	5	5	5	4	5	4	5	4	4	5	4	5	5	5	5	5	4	5	5	5	5	5	5	5	4	5	3	5	5	4	5	4	4	5	5	5	5	5	5	5	3	5	5
5	5	5	5	6	6	6	5	6	6	4	5	6	4	3	5	6	6	5	5	6	5	5	5	6	4	4	5	5	5	4	3	5	5	5	5	5	5	6	5	5	5	6	6	6	6	6	6	5	6	5	6	5	6	5	5	6	6	6	6	4	6	5	5	4	5	6	5	5	6	5	5	5	4	6	5	5	6	6	6	6	5	6	4	5	6	4	6	5	4	6	6	5	5	6	6	6	3	6	5
4	4	4	4	5	5	5	4	5	5	3	4	5	3	3	4	5	5	4	4	5	4	4	4	5	3	3	4	4	4	4	2	4	4	4	5	4	4	5	4	4	4	5	5	5	5	5	5	4	5	4	5	4	5	4	4	5	5	5	5	3	5	4	4	3	4	5	4	4	5	4	4	4	3	5	4	4	5	5	5	5	4	5	4	4	5	4	5	4	3	5	5	4	4	5	5	5	3	5	4
5	5	5	5	6	6	6	5	6	6	4	5	6	4	3	5	6	6	5	5	6	5	5	5	6	4	4	5	5	5	4	3	5	5	5	5	6	5	6	5	5	5	6	6	6	6	6	6	5	6	5	6	5	6	5	5	6	6	6	6	4	6	5	5	4	5	6	5	5	6	5	5	5	4	6	5	5	6	6	6	6	5	6	4	5	6	4	6	5	4	6	6	5	5	6	6	6	3	6	5
4	4	4	4	5	5	5	5	5	5	3	5	5	3	3	4	5	5	4	4	5	4	4	4	5	3	3	4	4	5	3	2	4	4	5	4	4	4	5	4	4	5	5	5	5	5	5	5	4	5	5	5	4	5	4	4	5	5	5	5	3	5	5	4	3	4	5	4	4	5	4	4	4	3	5	4	4	5	5	5	5	5	5	3	4	5	3	5	5	3	5	5	4	4	5	5	5	2	5	4
4	4	4	4	5	5	5	4	5	5	4	4	5	3	2	4	5	5	4	4	5	4	4	4	5	3	3	4	4	4	3	2	5	4	4	5	4	6	6	4	4	4	5	5	5	5	5	5	4	5	4	6	4	6	4	4	5	5	5	5	4	5	5	4	3	4	5	4	4	5	4	4	4	3	5	4	4	5	5	5	5	4	5	3	4	5	3	5	4	3	5	5	4	4	5	5	6	2	5	4
5	5	5	5	6	6	6	5	6	6	4	5	6	4	3	5	6	6	5	5	6	5	5	5	6	4	4	5	5	5	4	3	5	5	5	5	5	5	6	5	5	5	6	6	6	6	6	6	5	6	5	6	5	6	5	5	6	6	6	6	4	6	5	5	4	5	6	5	5	6	5	5	5	4	6	5	5	6	6	6	6	5	6	4	5	6	4	6	5	4	6	6	5	5	6	6	6	3	6	5
5	6	6	5	6	6	6	5	6	6	5	5	6	4	4	6	6	6	6	6	6	6	6	5	6	5	5	6	6	5	5	4	5	6	5	5	5	5	6	6	6	5	6	6	6	6	6	6	5	6	5	6	6	6	5	6	6	6	6	6	5	6	5	6	4	5	6	5	5	6	6	5	6	5	6	6	6	6	6	6	6	5	6	4	6	6	5	6	5	5	6	6	6	6	6	6	6	4	6	6
5	5	5	5	7	6	6	5	6	7	4	5	6	4	3	5	6	7	5	5	6	5	5	5	6	4	4	5	5	6	4	3	5	5	5	6	6	6	7	5	5	6	7	7	7	6	6	7	6	6	6	7	5	7	6	5	6	7	7	7	4	7	6	5	4	6	7	5	5	7	5	5	5	4	6	5	5	7	6	6	6	5	6	5	5	6	4	6	6	4	7	7	5	5	6	7	7	3	7	5
5	5	5	5	6	6	6	5	6	6	4	5	6	4	3	5	6	6	5	5	6	5	5	5	6	4	4	5	5	5	4	3	5	5	5	5	5	5	6	5	5	5	6	6	6	6	6	6	5	6	5	6	5	6	5	5	6	6	6	6	4	6	5	5	4	5	6	5	5	6	5	5	5	4	6	5	5	6	6	6	6	5	6	4	5	6	4	6	5	4	6	6	5	5	6	6	6	3	6	5
5	5	5	5	6	6	6	5	6	6	4	5	6	4	3	5	6	6	5	5	6	5	5	5	6	4	4	5	5	5	4	3	5	5	5	5	5	5	6	5	5	5	6	6	6	6	6	6	5	6	5	6	5	6	5	5	6	6	6	6	4	6	5	5	4	5	6	5	5	6	5	5	5	4	6	5	5	6	6	6	6	5	6	4	5	6	4	6	5	4	6	6	5	5	6	6	6	3	6	5
5	5	5	5	6	6	6	5	6	6	4	5	6	4	3	5	6	6	5	5	6	5	5	5	6	4	4	5	5	5	4	3	5	5	5	5	5	5	6	5	5	5	6	6	6	6	6	6	5	6	5	6	5	6	5	5	6	6	6	6	4	6	5	5	4	5	6	5	5	6	5	5	5	4	6	5	5	6	6	6	6	5	6	4	5	6	4	6	5	4	6	6	5	5	6	6	6	3	6	5
4	4	4	4	4	4	4	3	4	4	3	3	4	3	3	4	4	4	4	4	4	4	4	4	4	3	3	4	4	3	4	2	3	4	3	4	3	3	4	4	4	3	4	4	4	4	4	4	3	4	3	4	4	4	3	4	4	4	4	4	3	4	3	4	3	3	4	3	4	4	4	4	4	3	4	4	4	4	4	4	4	3	4	3	4	4	4	4	3	3	4	4	4	4	4	4	4	3	4	4
6	6	6	5	6	7	6	6	7	6	5	5	6	4	4	7	7	6	6	6	7	6	6	5	6	5	5	6	6	5	5	4	6	6	6	5	6	5	6	6	6	5	7	6	6	7	7	6	5	7	5	6	6	6	5	6	7	6	7	7	5	6	5	6	5	5	6	6	5	6	6	5	6	5	7	7	6	6	6	6	7	5	7	4	6	7	5	6	5	5	6	6	6	6	6	6	6	5	6	6
5	5	5	5	6	6	6	5	6	6	4	5	6	4	3	5	6	6	5	5	6	5	5	5	6	4	4	5	5	5	4	3	5	5	5	5	5	5	6	5	5	5	6	6	6	6	6	6	5	6	5	6	5	6	5	5	6	6	6	6	4	6	5	5	4	5	6	5	5	6	5	5	5	4	6	5	5	6	6	6	6	5	6	4	5	6	4	6	5	4	6	6	5	5	6	6	6	3	6	5
4	4	4	4	5	5	5	5	5	5	3	5	5	3	3	4	5	5	4	4	5	4	4	4	5	3	3	4	4	5	3	2	4	4	5	4	4	4	5	4	4	5	5	5	5	5	5	5	4	5	5	5	4	5	4	4	5	5	5	5	3	5	5	4	3	4	5	4	4	5	4	4	4	3	5	4	4	5	5	5	5	5	5	3	4	5	3	5	5	3	5	5	4	4	5	5	5	2	5	4
4	4	4	4	5	5	5	4	5	5	3	4	5	3	3	4	5	5	4	4	5	4	4	4	5	3	3	4	4	4	4	2	4	4	4	5	4	4	5	4	4	4	5	5	5	5	5	5	4	5	4	5	4	5	4	4	5	5	5	5	3	5	4	4	3	4	5	4	4	5	4	4	4	3	5	4	4	5	5	5	5	4	5	4	4	5	4	5	4	3	5	5	4	4	5	5	5	3	5	4
5	5	5	5	6	6	6	5	6	6	4	5	6	4	3	5	6	6	5	5	6	5	5	5	6	4	4	5	5	5	4	3	5	5	5	5	5	5	6	5	5	5	6	6	6	6	6	6	5	6	5	6	5	6	5	5	6	6	6	6	4	6	5	5	4	5	6	5	5	6	5	5	5	4	6	5	5	6	6	6	6	5	6	4	5	6	4	6	5	4	6	6	5	5	6	6	6	3	6	5
5	5	5	5	6	6	6	5	6	6	4	5	6	4	3	5	6	6	5	5	6	5	5	5	6	4	4	5	5	5	4	3	5	5	5	5	5	5	6	5	5	5	6	6	6	6	6	6	5	6	5	6	5	6	5	5	6	6	6	6	4	6	5	5	4	5	6	5	5	6	5	5	5	4	6	5	5	6	6	6	6	5	6	4	5	6	4	6	5	4	6	6	5	5	6	6	6	3	6	5
5	5	5	5	6	6	6	5	6	6	4	5	6	4	3	5	6	6	5	5	6	5	5	5	6	4	4	5	5	5	4	3	5	5	5	5	6	5	6	5	5	5	6	6	7	6	6	6	5	6	5	6	5	6	5	5	6	6	6	6	4	6	5	5	4	5	6	5	5	6	5	5	5	4	6	5	5	6	6	6	6	5	6	4	5	6	4	6	5	4	6	6	5	5	6	6	6	3	6	5
5	5	5	5	6	6	6	5	6	6	4	5	6	4	3	5	6	6	5	5	6	5	5	5	6	4	4	5	5	5	4	3	5	5	5	5	5	5	6	5	5	5	6	6	6	6	6	6	5	6	5	6	5	6	6	5	6	6	6	6	4	6	5	5	4	5	6	5	5	6	5	5	5	4	6	5	5	6	6	6	6	5	6	4	5	6	4	6	5	4	6	6	5	5	6	6	6	3	6	5
5	5	5	5	5	5	5	4	5	5	4	4	5	4	3	5	5	5	5	5	5	5	5	5	5	4	4	5	5	4	4	3	4	5	4	4	4	4	5	5	5	4	5	5	5	5	5	5	4	5	4	5	5	5	4	5	5	5	5	5	4	5	4	5	4	4	5	4	5	5	5	5	5	4	5	5	5	5	5	5	5	4	5	3	5	5	4	5	4	4	5	5	5	5	5	5	5	3	5	5
4	4	4	4	5	5	5	4	5	5	3	4	5	4	2	4	5	5	4	4	5	4	4	4	5	4	5	4	4	4	3	3	4	4	4	4	4	4	5	4	4	4	5	5	5	5	5	5	4	5	4	5	4	5	4	4	5	5	5	5	3	5	4	4	3	5	5	4	4	5	4	4	4	4	5	4	4	5	5	5	5	4	5	3	4	5	3	5	4	4	5	5	4	4	5	5	5	2	5	4
5	5	5	5	5	5	5	4	5	5	4	4	5	4	3	5	5	5	5	5	5	5	5	5	5	4	4	5	5	4	4	3	4	5	4	4	4	4	5	5	5	4	5	5	5	5	5	5	4	5	4	5	5	5	4	5	5	5	5	5	4	5	4	5	4	4	5	4	5	5	5	5	5	4	5	5	5	5	5	5	5	4	5	3	5	5	4	5	4	4	5	5	5	5	5	5	5	3	5	5
4	4	4	4	5	5	5	4	5	5	3	4	5	3	3	4	5	5	4	4	5	4	4	4	5	3	3	4	4	4	4	2	4	4	4	5	4	4	5	4	4	4	5	5	5	5	5	5	4	5	4	5	4	5	4	4	5	5	5	5	3	5	4	4	3	4	5	4	4	5	4	4	4	3	5	4	4	5	5	5	5	4	5	4	4	5	4	5	4	3	5	5	4	4	5	5	5	3	5	4
5	5	5	5	6	6	6	5	6	6	4	5	6	4	3	5	6	6	5	5	6	5	5	5	6	4	4	5	5	5	4	3	5	5	5	6	5	5	6	5	5	5	6	6	6	6	6	6	5	6	5	6	5	6	5	5	6	6	6	6	4	6	5	5	4	5	6	5	5	6	5	5	5	4	6	5	5	6	6	6	6	5	6	4	5	6	4	6	5	4	6	6	5	5	6	6	6	3	6	5
4	4	4	4	5	5	5	4	5	5	3	4	5	4	2	4	5	5	4	4	5	4	4	4	5	4	4	4	4	4	3	3	4	4	4	4	5	4	5	4	4	4	5	5	5	5	5	5	4	5	4	5	4	5	4	4	5	5	5	5	3	5	4	4	3	5	5	4	4	5	4	4	4	4	5	4	4	5	5	5	5	4	5	3	4	5	3	5	4	4	5	5	4	4	5	5	5	2	5	4
4	4	4	4	5	5	5	4	5	5	3	4	5	4	2	4	5	5	4	4	5	4	4	4	5	4	4	4	4	4	3	3	4	4	4	4	5	4	5	4	4	4	5	5	5	5	5	5	4	5	4	5	4	5	4	4	5	5	5	5	3	5	4	4	3	5	5	4	4	5	4	4	4	4	5	4	4	5	5	5	5	4	5	3	4	5	3	5	4	4	5	5	4	4	5	5	5	2	5	4
5	5	5	5	5	5	5	4	5	5	4	4	5	4	3	5	5	5	5	5	5	5	5	5	5	4	4	5	5	4	4	3	4	5	4	4	5	4	5	5	5	4	5	5	5	5	5	5	4	5	4	5	5	5	4	5	5	5	5	5	4	5	4	5	4	4	5	4	5	5	5	5	5	4	5	5	5	5	5	5	5	4	5	3	5	5	4	5	4	4	5	5	5	5	5	5	5	3	5	5
5	5	5	5	6	6	6	5	6	6	4	5	6	4	3	5	6	6	5	5	6	5	5	5	6	4	4	5	5	5	4	3	5	5	5	5	5	5	6	5	5	5	6	6	6	6	6	6	5	6	5	6	5	6	5	5	6	6	6	6	4	6	5	5	4	5	6	5	5	6	5	5	5	4	6	5	5	6	6	6	6	5	6	4	5	6	4	6	5	4	6	6	5	5	6	6	6	3	6	5
5	5	5	5	6	6	6	5	6	6	4	5	6	4	3	5	6	6	5	5	6	5	5	5	6	4	4	5	5	5	4	3	5	5	5	5	5	5	6	5	5	5	6	6	6	6	6	6	5	6	5	6	5	6	5	5	6	6	6	6	4	6	5	5	4	5	6	5	5	6	5	5	5	4	6	5	5	6	6	6	6	5	6	4	5	6	4	6	5	4	6	6	5	5	6	6	6	3	6	5
5	5	5	5	6	6	6	5	6	6	4	5	6	4	3	5	6	6	5	5	6	5	5	5	6	4	4	5	5	5	4	3	5	5	5	5	5	5	6	5	5	5	6	6	6	6	6	6	5	6	5	6	5	6	5	5	6	6	6	6	4	6	5	5	4	5	6	5	5	6	5	5	5	4	6	5	5	6	6	6	6	5	6	4	5	6	4	6	5	4	6	6	5	5	6	6	6	3	6	5
5	5	5	5	6	6	6	5	6	6	4	5	6	4	3	5	6	6	5	5	6	5	5	5	6	4	4	5	5	5	4	3	5	5	5	5	5	5	6	5	5	5	6	6	6	6	6	6	5	6	5	6	5	6	5	5	6	6	6	6	4	6	5	5	4	5	6	5	5	6	5	5	5	4	6	5	5	6	6	6	6	5	6	4	5	6	4	6	5	4	6	6	5	5	6	6	6	3	6	5
5	5	5	5	6	6	6	5	6	6	4	5	6	4	3	5	6	6	5	5	6	5	5	5	6	4	4	5	5	5	4	3	5	5	5	5	5	5	6	5	5	5	6	6	6	6	6	6	5	6	5	6	5	6	5	5	6	6	6	6	4	6	6	5	4	5	6	5	5	6	5	5	5	4	6	5	5	6	6	6	6	5	6	4	5	6	4	6	5	4	6	6	5	5	6	6	6	3	6	5
5	5	5	5	6	6	6	5	6	6	4	5	6	4	3	5	6	6	5	5	6	5	5	5	6	4	4	5	5	5	4	3	5	5	5	5	5	5	6	5	5	5	6	6	6	6	6	6	5	6	5	6	5	6	5	5	6	6	6	6	4	6	5	5	4	5	6	5	5	6	5	5	5	4	6	5	5	6	6	6	6	5	6	4	5	6	4	6	5	4	6	6	5	5	6	6	6	3	6	5
