Deck Distance Score for: 
      Results/UntilAvg60Run/FROM_null_WITH_r5_c0 (Left side from top to bottom)
and   Results/UntilAvg60Run/FROM_null_WITH_r5_c50 (Top side from left to right)

Similarity: 24,49% (Score: 44074/180000) 

4	4	4	4	4	4	4	4	3	4	5	4	4	4	3	4	4	4	4	3	3	4	4	4	3	3	3	4	4	4	4	4	4	4	4	4	4	4	4	4	3	4	4	4	4	3	4	4	4	4	3	3	4	3	3	4	3	4	4	4	4	4	4	4	4	4	4	3	3	4	3	4	4	3	4	4	4	4	4	4	3	4	4	4	4	2	3	4	4	3	4	4	4	4	4	4	3	3	4	4
5	5	5	4	5	5	5	5	4	5	6	5	5	5	4	5	5	5	5	4	4	5	5	5	3	4	4	5	5	5	5	5	5	5	4	5	5	5	5	5	4	5	5	5	5	4	5	5	5	5	4	4	5	4	4	5	4	5	5	5	5	5	5	5	5	5	5	4	4	5	4	5	5	4	5	5	5	5	5	5	4	5	4	5	5	3	4	5	5	4	4	5	5	5	5	5	4	4	5	5
5	5	5	4	5	5	5	5	4	5	6	5	5	5	4	5	5	5	5	4	4	5	5	5	3	4	4	5	5	5	5	5	5	5	4	5	5	5	5	5	4	5	5	5	5	4	5	5	5	5	4	4	5	4	4	5	5	5	5	5	5	5	5	5	5	5	5	5	4	5	4	5	5	4	5	5	5	5	5	5	4	5	4	5	5	3	4	5	5	4	4	5	5	5	5	5	4	4	5	5
5	5	5	4	5	5	5	5	4	5	6	5	5	5	4	5	5	5	5	4	4	5	5	5	3	4	4	5	5	5	5	5	5	5	4	5	5	5	5	5	4	5	5	5	5	4	5	5	5	5	4	4	5	4	4	5	4	5	5	5	5	5	5	5	5	5	5	4	4	5	4	5	5	4	5	5	5	5	5	5	4	5	4	5	5	3	4	5	5	4	4	5	5	5	5	5	4	4	5	5
5	5	5	4	5	5	5	5	4	5	5	5	5	5	4	5	5	5	5	4	4	5	5	5	3	4	4	5	5	5	5	5	5	5	4	5	5	5	5	5	4	5	5	5	5	4	5	5	5	5	4	4	5	4	4	5	4	5	5	5	5	5	5	5	5	5	5	4	4	5	4	5	5	4	5	5	5	5	5	5	4	5	4	5	5	3	4	5	5	4	4	5	5	5	5	5	4	4	5	5
5	5	5	4	5	5	5	5	4	5	6	5	4	5	4	5	5	5	5	3	4	5	5	5	3	4	4	5	5	5	5	5	5	5	4	5	5	5	5	4	4	5	5	5	5	4	5	5	5	5	4	4	5	4	4	5	4	5	5	5	5	5	5	5	4	5	5	5	4	5	4	4	5	4	5	5	5	5	5	5	4	5	4	5	5	3	4	5	5	4	4	4	5	5	5	5	4	4	5	5
4	4	4	3	4	4	4	4	3	4	5	4	4	4	4	4	4	4	4	3	3	4	4	4	2	3	3	4	4	4	4	4	4	4	3	4	4	4	4	4	3	4	4	4	4	3	4	4	4	4	3	4	4	3	3	4	3	4	4	4	4	4	4	4	4	4	4	3	3	4	3	4	4	3	4	4	4	4	4	4	3	4	3	4	4	2	3	4	4	3	3	4	4	4	4	4	3	3	4	4
5	5	5	4	5	5	5	5	4	5	6	5	5	5	4	5	5	5	5	4	4	5	5	5	3	4	4	5	5	5	5	5	5	5	4	5	5	5	5	5	4	5	5	5	5	4	5	5	5	5	4	4	5	4	4	5	4	5	5	5	5	5	5	5	5	5	5	4	4	5	4	5	5	4	5	5	5	5	5	5	4	5	4	5	5	3	4	5	5	4	4	5	5	5	5	5	4	4	5	5
5	5	5	4	5	5	5	5	4	5	7	5	4	5	5	5	6	5	5	3	4	5	5	5	3	4	4	5	5	5	6	5	5	5	4	5	6	5	5	4	4	5	5	6	5	4	5	5	5	5	4	5	6	4	4	5	4	5	5	6	5	5	5	5	4	5	5	4	4	5	4	4	5	5	5	6	5	5	5	5	4	5	5	5	5	3	4	5	5	4	4	4	5	5	5	5	5	4	5	5
5	5	5	4	5	5	5	5	4	5	6	5	5	5	4	5	5	5	5	4	4	5	5	5	3	4	4	5	5	5	5	5	5	5	4	5	5	5	5	5	4	5	5	5	5	4	5	5	5	5	4	4	5	4	4	5	4	5	5	5	5	5	5	5	5	5	5	4	4	5	4	5	5	4	5	5	5	5	5	5	4	5	4	5	5	3	4	5	5	4	4	5	5	5	5	5	4	4	5	5
5	5	5	4	5	5	5	5	4	5	6	5	5	5	4	5	5	5	5	4	4	5	5	5	3	4	4	5	5	5	5	5	5	5	4	5	5	5	5	5	4	5	5	5	5	4	5	5	5	5	4	4	5	4	4	5	4	5	5	5	5	5	5	5	5	5	5	4	4	5	4	5	5	4	5	5	5	5	5	5	4	5	4	5	5	3	4	5	5	4	4	5	5	5	5	5	4	4	5	5
5	5	5	4	5	5	5	5	5	5	5	5	5	5	4	5	5	5	5	4	4	5	5	5	3	4	4	5	5	5	5	5	5	5	4	5	5	5	5	5	4	5	5	5	5	4	5	5	5	5	4	4	5	4	4	5	4	5	5	5	5	5	5	5	5	5	5	4	4	5	4	5	5	4	5	5	5	5	5	5	4	5	4	5	5	3	4	5	5	4	4	5	5	5	5	5	4	4	5	5
5	5	4	4	5	5	5	5	4	4	5	5	4	4	5	4	5	4	5	3	4	5	5	5	3	4	4	5	5	5	5	5	5	5	4	5	5	5	5	4	4	5	4	5	5	4	5	4	5	5	4	5	5	4	4	5	4	5	5	5	5	5	5	5	4	4	5	4	4	5	4	4	4	4	4	4	5	5	5	5	3	5	4	4	5	3	4	5	5	4	4	4	4	5	5	5	3	4	5	5
5	5	5	4	5	5	5	5	4	5	6	5	5	5	4	5	5	5	5	4	4	5	5	5	3	4	4	5	5	5	5	5	5	5	4	5	5	5	5	5	4	5	5	5	5	4	5	5	5	5	4	4	5	4	4	5	4	5	5	5	5	5	4	5	5	5	5	5	4	5	4	5	5	4	5	5	5	5	5	5	4	5	4	5	5	3	4	5	5	4	4	5	5	5	5	5	4	4	5	5
5	5	5	4	5	5	5	5	4	5	6	5	4	5	4	5	5	5	5	3	4	5	5	5	3	4	4	5	5	5	5	5	5	5	4	5	5	5	5	4	4	5	5	5	5	4	5	5	5	5	4	4	5	4	4	5	4	5	5	5	5	5	5	5	4	5	5	4	4	5	4	4	5	4	5	5	5	5	5	5	4	5	4	5	5	3	4	5	5	4	4	4	5	5	5	5	4	4	5	5
5	5	5	4	5	6	5	5	4	5	6	5	5	5	4	5	5	5	5	4	4	5	5	5	3	4	4	5	5	5	5	5	5	5	4	5	5	5	5	5	4	5	5	5	5	4	5	5	5	5	4	4	5	4	4	5	4	5	5	5	5	5	4	5	5	5	5	4	4	5	4	5	5	4	5	5	5	5	5	5	4	5	4	5	5	3	4	5	5	4	4	5	5	5	5	5	4	4	5	5
4	4	4	4	4	4	4	4	3	4	5	4	4	4	3	4	4	4	4	3	3	4	4	4	3	3	3	4	4	4	4	4	4	4	4	4	4	4	4	4	3	4	4	4	4	3	4	4	4	4	3	3	4	3	3	4	3	4	4	4	4	4	4	4	4	4	4	3	3	4	3	4	4	3	4	4	4	4	4	4	3	4	4	4	4	2	3	4	4	3	4	4	4	4	4	4	3	3	4	4
3	3	3	2	3	3	3	3	3	3	4	3	3	3	4	3	4	3	3	2	3	3	3	3	2	3	3	3	3	3	3	3	3	3	2	3	3	3	3	3	2	3	3	3	3	2	3	3	3	3	3	4	3	3	3	3	2	3	3	3	3	3	3	3	3	3	3	3	2	3	2	3	3	3	3	3	3	3	3	3	2	3	2	3	3	2	3	3	3	2	2	3	3	3	3	3	2	3	3	3
5	5	5	4	5	5	5	5	4	5	6	5	5	5	4	5	5	5	5	4	4	5	5	5	3	4	4	5	5	5	5	5	5	5	4	5	5	5	5	5	4	5	5	5	5	4	5	5	5	5	4	4	5	4	4	5	4	5	5	5	5	5	5	5	5	5	5	4	4	5	4	5	5	4	5	5	5	5	5	5	4	5	4	5	5	3	4	5	5	4	4	5	5	5	5	5	4	4	5	5
4	4	4	3	4	4	4	4	3	4	5	4	4	4	3	4	4	4	4	4	3	4	4	4	2	3	3	4	4	4	4	4	4	4	3	4	4	4	4	4	4	4	4	4	4	4	4	4	4	4	3	3	4	3	3	4	3	4	4	4	4	4	3	4	4	4	4	3	3	4	3	4	4	3	4	4	4	4	4	4	3	4	3	4	4	3	3	4	4	3	3	4	4	4	4	4	3	3	4	4
4	4	4	3	4	4	4	4	3	4	5	4	5	4	3	4	4	4	4	4	3	4	4	4	2	3	3	4	4	4	4	4	4	4	3	4	4	5	4	5	3	4	4	4	4	3	4	4	4	4	3	3	4	3	3	4	4	4	4	4	4	4	4	4	5	4	4	3	4	4	4	5	4	3	4	4	4	4	4	4	4	4	3	4	4	2	3	4	4	4	3	5	4	4	4	4	4	3	4	4
5	5	5	4	5	5	5	5	4	5	6	5	5	5	4	5	5	5	5	4	4	5	5	5	3	4	4	5	5	5	5	5	5	5	4	5	5	5	5	5	4	5	5	5	5	4	5	5	5	5	4	4	5	4	4	5	4	5	5	5	5	5	5	5	5	5	5	4	4	5	4	5	5	4	5	5	5	5	5	5	4	5	4	5	5	3	4	5	5	4	4	5	5	5	5	5	4	4	5	5
5	5	5	4	5	5	5	5	4	5	6	5	5	5	4	5	5	5	5	4	4	5	5	5	3	4	4	5	5	5	5	5	5	5	4	5	5	5	5	5	4	5	5	5	5	4	5	5	5	5	4	4	5	4	4	5	4	5	5	5	5	5	5	5	5	5	5	4	4	5	4	5	5	4	5	5	5	5	5	5	4	5	4	5	5	3	4	5	5	4	4	5	5	5	5	5	4	4	5	5
4	4	4	3	4	4	4	4	3	4	5	4	5	4	3	4	4	4	4	4	3	4	4	4	2	3	3	4	4	4	4	4	4	4	3	4	4	4	4	5	3	4	4	4	4	3	4	4	4	4	3	3	4	3	3	4	4	4	4	4	4	4	4	4	5	4	4	3	4	4	4	5	4	3	4	4	4	4	4	4	4	4	3	4	4	2	3	4	4	4	3	5	4	4	4	4	4	3	4	4
6	6	6	5	5	5	6	6	5	6	7	6	6	6	5	6	6	6	6	5	5	6	6	6	4	5	5	5	6	6	6	6	6	6	5	6	6	6	6	6	5	5	6	6	6	5	6	6	6	6	5	5	6	5	5	6	5	6	6	6	6	6	5	6	6	6	5	5	5	6	5	6	6	5	6	6	6	6	6	5	5	6	5	6	6	4	5	6	6	5	5	6	6	6	6	6	5	4	6	6
5	5	5	4	5	5	5	5	4	5	6	5	5	5	4	5	5	5	5	4	4	5	5	5	3	4	4	5	5	5	5	5	5	5	4	5	5	5	5	5	4	5	5	5	5	4	5	5	5	5	4	4	5	4	4	5	4	5	5	5	5	5	4	5	5	5	5	4	4	5	4	5	5	4	5	5	5	5	5	5	4	5	4	5	5	3	4	5	5	4	4	5	5	5	5	5	4	4	5	5
5	5	5	4	5	5	5	5	4	5	5	5	4	5	4	5	5	5	5	3	4	5	6	5	3	4	4	5	5	5	5	5	5	5	4	5	5	5	5	4	4	5	5	5	5	4	5	5	5	5	4	4	5	4	4	5	5	5	5	5	5	5	5	5	4	5	5	4	4	5	5	4	5	4	5	5	5	5	5	5	4	5	4	5	5	3	4	5	5	4	4	4	5	5	5	5	4	4	5	5
4	4	4	3	4	4	4	4	4	4	5	4	4	4	4	4	5	4	4	3	4	4	4	4	3	4	4	4	4	4	4	4	4	4	3	4	4	4	4	4	3	4	4	4	4	3	4	4	4	4	4	4	4	4	4	4	3	4	4	4	4	4	4	4	4	4	4	4	3	4	3	4	4	4	4	4	4	4	4	4	3	4	3	4	4	3	4	4	4	3	3	4	4	4	4	4	3	4	4	4
5	5	5	4	5	5	5	5	4	5	6	5	5	5	4	5	5	5	5	4	4	5	5	5	3	4	4	5	5	5	5	5	5	5	4	5	5	5	5	5	4	5	5	5	5	4	5	5	5	5	4	4	5	4	4	5	4	5	5	5	5	5	5	5	5	5	5	4	4	5	4	5	5	4	5	5	5	5	5	5	4	5	4	5	5	3	4	5	5	4	4	5	5	5	5	5	4	4	5	5
5	5	5	4	5	5	5	5	4	5	6	5	5	5	4	5	5	5	5	4	4	5	5	5	3	4	4	5	5	5	5	5	5	5	4	5	5	5	5	5	4	5	5	5	5	4	5	5	5	5	4	4	5	4	4	5	4	5	5	5	5	5	5	5	5	5	5	5	4	5	4	5	5	4	5	5	5	5	5	5	4	5	4	5	5	3	4	5	5	4	4	5	5	5	5	5	4	4	5	5
4	4	4	3	4	4	4	4	3	4	4	4	4	4	4	4	4	4	4	3	3	4	4	4	2	3	3	4	4	4	4	4	4	4	3	4	4	4	4	4	3	4	4	4	4	3	4	4	4	4	3	4	4	3	3	4	3	4	4	4	4	4	4	4	4	4	4	3	3	4	3	4	4	3	4	4	4	4	4	4	3	4	3	4	4	2	3	4	4	3	3	4	4	4	4	4	3	3	4	4
4	4	4	3	4	4	4	4	3	4	5	4	5	4	3	4	4	4	4	4	3	4	4	4	2	3	3	4	4	4	4	4	4	4	3	4	4	5	4	5	3	4	4	4	4	3	4	4	4	4	3	3	4	3	3	4	4	4	4	4	4	4	4	4	5	4	4	3	4	4	4	5	4	3	4	4	4	4	4	4	4	4	3	4	4	2	3	4	4	4	3	5	4	4	4	4	4	3	4	4
5	5	5	4	5	5	5	5	4	5	6	5	5	5	4	5	5	5	5	4	4	5	5	5	3	4	4	5	5	5	5	5	5	5	4	5	5	5	5	5	4	5	5	5	5	4	5	5	5	5	4	4	5	4	4	5	4	5	5	5	5	5	5	5	5	5	5	4	4	5	4	5	5	4	5	5	5	5	5	5	4	5	4	5	5	3	4	5	5	4	4	5	5	5	5	5	4	4	5	5
5	5	5	4	5	5	5	5	4	5	7	5	5	5	5	5	6	5	5	4	4	5	5	5	3	4	4	5	5	5	6	5	5	5	4	5	6	5	5	5	4	5	5	6	5	4	5	5	5	5	4	5	6	4	4	5	4	5	5	6	5	5	5	5	5	5	5	4	4	5	4	5	5	5	5	6	5	5	5	5	4	5	5	5	5	3	4	5	5	4	4	5	5	5	5	5	5	4	5	5
4	4	4	3	4	4	4	4	4	4	5	4	4	4	3	4	4	4	4	3	4	4	4	4	3	4	4	4	4	4	4	4	4	4	3	4	4	4	4	4	3	4	4	4	4	3	4	4	4	4	4	3	4	4	4	4	3	4	4	4	4	4	5	4	4	4	4	4	3	4	3	4	4	4	4	4	4	4	4	4	3	4	3	4	4	3	4	4	4	3	3	4	4	4	4	4	3	4	4	4
5	5	5	4	5	5	5	5	4	5	6	5	5	5	4	5	5	5	5	4	4	5	5	5	3	4	4	5	5	5	5	5	5	5	4	5	5	5	5	5	4	5	5	5	5	4	5	5	5	5	4	4	5	4	4	6	4	5	5	5	5	5	4	5	5	5	5	5	4	5	4	5	5	4	5	5	5	5	5	5	4	5	4	5	5	3	4	5	5	4	4	5	5	5	5	5	4	4	5	5
5	5	5	4	5	5	5	5	4	5	6	5	5	5	4	5	5	5	5	4	4	5	5	5	3	4	4	5	5	5	5	5	5	5	4	5	5	5	5	5	4	5	5	5	5	4	5	5	5	5	4	4	5	4	4	5	4	5	5	5	5	5	5	5	5	5	5	4	4	5	4	5	5	4	5	5	5	5	5	5	4	5	4	5	5	3	4	5	5	4	4	5	5	5	5	5	4	4	5	5
4	4	4	4	4	4	4	4	3	4	5	4	4	4	3	4	4	4	4	3	3	4	4	4	3	3	3	4	4	4	4	4	4	4	4	4	4	4	4	4	3	4	4	4	4	3	4	4	4	4	3	3	4	3	3	4	3	4	4	4	4	4	4	4	4	4	4	3	3	4	3	4	4	3	4	4	4	4	4	4	3	4	4	4	4	2	3	4	4	3	4	4	4	4	4	4	3	3	4	4
5	5	5	4	5	5	5	5	4	5	6	5	5	5	4	5	5	5	5	4	4	5	5	5	3	4	4	5	5	5	5	5	5	5	4	5	5	5	5	5	4	5	5	5	5	4	5	5	5	5	4	4	5	4	4	5	4	5	5	5	5	5	5	5	5	5	5	4	4	5	4	5	5	4	5	5	5	5	5	5	4	5	4	5	5	3	4	5	5	4	4	5	5	5	5	5	4	4	5	5
5	5	5	4	5	5	5	5	4	5	6	5	5	5	4	5	5	5	5	4	4	5	5	5	3	4	4	5	5	5	5	5	5	5	4	5	5	5	5	5	4	5	5	5	5	4	5	5	5	5	4	4	5	4	4	5	4	5	5	5	5	5	5	5	5	5	5	4	4	5	4	5	5	4	5	5	5	5	5	5	4	5	4	5	5	3	4	5	5	4	4	5	5	5	5	5	4	4	5	5
5	5	5	4	5	5	5	5	4	5	6	5	5	5	4	5	5	5	5	4	4	5	5	5	3	4	4	5	5	5	5	5	5	5	4	5	5	5	5	5	4	5	5	5	5	4	5	5	5	5	4	4	5	4	4	5	4	5	5	5	5	5	5	5	5	5	5	4	4	5	4	5	5	4	5	5	5	5	5	5	4	5	4	5	5	3	4	5	5	4	4	5	5	5	5	5	4	4	5	5
5	5	5	4	5	5	5	5	4	5	5	5	5	5	4	5	5	5	5	4	4	5	5	5	3	4	4	5	5	5	5	5	5	5	4	5	5	5	5	5	4	5	5	5	5	4	5	5	5	5	4	4	5	4	4	5	4	5	5	5	5	5	5	5	5	5	5	4	4	5	4	5	5	4	5	5	5	5	5	5	4	5	4	5	5	3	4	5	5	4	4	5	5	5	5	5	4	4	5	5
5	5	5	4	5	5	5	5	4	5	6	5	5	5	4	5	5	5	5	4	4	5	5	5	3	4	4	5	5	5	5	5	5	5	4	5	5	5	5	5	4	5	5	5	5	4	5	5	5	5	4	4	5	4	4	5	4	5	5	5	5	5	4	5	5	5	5	5	4	5	4	5	5	4	5	5	5	5	5	5	4	5	4	5	5	3	4	5	5	4	4	5	5	5	5	5	4	4	5	5
5	5	5	4	5	5	5	5	4	5	5	5	5	5	4	5	5	5	5	4	4	5	5	5	3	4	4	5	5	5	5	5	5	5	4	5	5	5	5	5	4	5	5	5	5	4	5	5	5	5	4	4	5	4	4	5	5	5	5	5	5	5	5	5	5	5	5	5	4	5	4	5	5	4	5	5	5	5	5	5	4	5	4	5	5	3	4	5	5	4	4	5	5	5	5	5	4	4	5	5
4	4	4	3	4	4	4	4	4	4	5	4	4	4	3	4	4	4	4	3	4	4	4	4	3	4	4	4	4	4	4	4	4	4	3	4	4	4	4	4	3	4	4	4	4	3	4	4	4	4	4	3	4	4	4	4	3	4	4	4	4	4	5	4	4	4	4	4	3	4	3	4	4	4	4	4	4	4	4	4	3	4	3	4	4	3	4	4	4	3	3	4	4	4	4	4	3	4	4	4
3	3	3	2	3	3	3	3	3	3	4	3	3	3	3	3	4	3	3	3	3	3	3	3	2	3	3	3	3	3	3	3	3	3	2	3	3	3	3	3	3	3	3	3	3	3	3	3	3	3	3	3	3	3	3	3	2	3	3	3	3	3	3	3	3	3	3	3	2	3	2	3	3	3	3	3	3	3	3	3	2	3	2	3	3	3	3	3	3	2	2	3	3	3	3	3	2	3	3	3
5	5	5	4	5	5	5	5	4	5	6	5	5	5	4	5	5	5	5	4	4	5	5	5	3	4	4	5	5	5	5	5	5	5	4	5	5	5	5	5	4	5	5	5	5	4	5	5	5	5	4	4	5	4	4	5	4	5	5	5	5	5	4	5	5	5	5	4	4	5	4	5	5	4	5	5	5	5	5	5	4	5	4	5	5	3	4	5	5	4	4	5	5	5	5	5	4	4	5	5
5	5	5	4	5	5	5	5	4	5	6	5	5	5	4	5	5	5	5	4	4	5	5	5	3	4	4	5	5	5	5	5	5	5	4	5	5	5	5	5	4	5	5	5	5	4	5	5	5	5	4	4	5	4	4	5	4	5	5	5	5	5	5	5	5	5	5	4	4	5	4	5	5	4	5	5	5	5	5	5	4	5	4	5	5	3	4	5	5	4	4	5	5	5	5	5	4	4	5	5
5	5	5	4	5	6	5	5	4	5	6	5	5	5	4	5	5	5	5	4	4	5	5	5	3	4	4	5	5	5	5	5	5	5	4	5	5	5	5	5	4	5	5	5	5	4	5	5	5	5	4	4	5	4	4	5	4	5	5	5	5	5	4	5	5	5	5	4	4	5	4	5	5	4	5	5	5	5	5	5	4	5	4	5	5	3	4	5	5	4	4	5	5	5	5	5	4	4	5	5
5	5	5	4	5	5	5	5	4	5	6	5	5	5	4	5	5	5	5	4	4	5	5	5	3	4	4	5	5	5	5	5	5	5	4	5	5	5	5	5	4	5	5	5	5	4	5	5	5	5	4	4	5	4	4	5	4	5	5	5	5	5	5	5	5	5	5	4	4	5	4	5	5	4	5	5	5	5	5	5	4	5	4	5	5	3	4	5	5	4	4	5	5	5	5	5	4	4	5	5
4	4	4	3	4	4	4	4	4	4	5	4	4	4	4	4	5	4	4	3	4	4	4	4	3	4	4	4	4	4	4	4	4	4	3	4	4	4	4	4	3	4	4	4	4	3	4	4	4	4	4	4	4	4	4	4	3	4	4	4	4	4	4	4	4	4	4	4	3	4	3	4	4	4	4	4	4	4	4	4	3	4	3	4	4	3	4	4	4	3	3	4	4	4	4	4	3	4	4	4
5	5	5	4	5	5	5	5	4	5	6	5	4	5	4	5	5	5	5	3	4	5	5	5	3	4	4	5	5	5	5	5	5	5	4	5	5	5	5	4	4	5	5	5	5	4	5	5	5	5	4	4	5	4	4	5	4	5	5	5	5	5	5	5	4	5	5	4	4	5	4	4	5	4	5	5	5	5	5	5	4	5	4	5	5	3	4	5	5	4	4	4	5	5	5	5	4	4	5	5
5	5	5	4	5	5	5	5	4	5	6	5	5	5	4	5	5	5	5	4	4	5	5	5	3	4	4	5	5	5	5	5	5	5	4	5	5	5	5	5	4	5	5	5	5	4	5	5	5	5	4	4	5	4	4	5	4	5	5	5	5	5	5	5	5	5	5	4	4	5	4	5	5	4	5	5	5	5	5	5	4	5	4	5	5	3	4	5	5	4	4	5	5	5	5	5	4	4	5	5
4	4	4	3	4	4	4	4	3	4	5	4	4	4	3	4	4	4	4	4	3	4	4	4	2	3	3	4	4	4	4	4	4	4	3	4	4	4	4	4	4	4	4	4	4	4	4	4	4	4	3	3	4	3	3	4	4	4	4	4	4	4	4	4	4	4	4	4	3	4	3	4	4	3	4	4	4	4	4	4	3	4	3	4	4	3	3	4	4	3	3	4	4	4	4	4	3	3	4	4
4	4	4	3	4	4	4	4	4	4	5	4	4	4	3	4	4	4	4	3	4	4	4	4	3	4	4	4	4	4	4	4	4	4	3	4	4	4	4	4	3	4	4	4	4	3	4	4	4	4	4	3	4	4	4	4	3	4	4	4	4	4	5	4	4	4	4	4	3	4	3	4	4	4	4	4	4	4	4	4	3	4	3	4	4	3	4	4	4	3	3	4	4	4	4	4	3	4	4	4
5	5	5	4	5	5	5	5	4	5	6	5	5	5	4	5	5	5	5	4	4	5	5	5	3	4	4	5	5	5	5	5	5	5	4	5	5	5	5	5	4	5	5	5	5	4	5	5	5	5	4	4	5	4	4	5	4	5	5	5	5	5	5	5	5	5	5	4	4	5	4	5	5	4	5	5	5	5	5	5	4	5	4	5	5	3	4	5	5	4	4	5	5	5	5	5	4	4	5	5
5	5	5	4	5	6	5	5	4	5	6	5	5	5	4	5	5	5	5	4	4	5	5	5	3	4	4	5	5	5	5	5	5	5	4	5	5	5	5	5	4	5	5	5	5	4	5	5	5	5	4	4	5	4	4	5	4	5	5	5	5	5	4	5	5	5	5	4	4	5	4	5	5	4	5	5	5	5	5	5	4	5	4	5	5	3	4	5	5	4	4	5	5	5	5	5	4	4	5	5
4	4	4	3	4	4	4	4	4	4	5	4	4	4	3	4	4	4	4	3	4	4	4	4	3	4	4	4	4	4	4	4	4	4	3	4	4	4	4	4	3	4	4	4	4	3	4	4	4	4	4	3	4	4	4	4	3	4	4	4	4	4	5	4	4	4	4	4	3	4	3	4	4	4	4	4	4	4	4	4	3	4	3	4	4	3	4	4	4	3	3	4	4	4	4	4	3	4	4	4
5	5	5	4	5	5	5	5	4	5	6	5	5	5	4	5	5	5	5	4	4	5	5	5	3	4	4	5	5	5	5	5	5	5	4	5	5	5	5	5	4	5	5	5	5	4	5	5	5	5	4	4	5	4	4	5	4	5	5	5	5	5	5	5	5	5	5	5	4	5	4	5	5	4	5	5	5	5	5	5	4	5	4	5	5	3	4	5	5	4	4	5	5	5	5	5	4	4	5	5
5	5	5	4	5	6	5	5	4	5	6	5	5	5	4	5	5	5	5	4	4	5	5	5	3	4	4	5	5	5	5	5	5	5	4	5	5	5	5	5	4	5	5	5	5	4	5	5	5	5	4	4	6	4	4	5	4	5	5	5	5	5	4	5	5	5	5	4	4	5	4	5	5	4	5	5	5	5	5	5	4	5	4	5	5	3	4	5	5	4	4	5	5	5	5	5	4	4	5	5
4	4	4	4	4	4	4	4	3	4	5	4	4	4	3	4	4	4	4	3	3	4	4	4	3	3	3	4	4	4	4	4	4	4	4	5	4	5	4	4	3	4	4	4	4	3	4	4	4	4	3	3	4	3	3	4	3	4	4	4	4	4	4	4	4	4	4	3	3	4	3	4	4	3	4	4	4	4	4	4	3	4	4	4	4	2	3	4	4	3	5	4	4	4	4	4	3	3	4	4
4	4	4	3	4	4	4	4	4	4	5	4	4	4	3	4	4	4	4	3	4	4	4	4	3	4	4	4	4	4	4	4	4	4	3	4	4	4	4	4	3	4	4	4	4	3	4	4	4	4	4	3	4	4	4	4	3	4	4	4	4	4	5	4	4	4	4	4	3	4	3	4	4	4	4	4	4	4	4	4	3	4	3	4	4	3	4	4	4	3	3	4	4	4	4	4	3	4	4	4
5	5	5	4	5	5	5	5	4	5	6	5	5	5	4	5	5	5	5	4	4	5	5	5	3	4	4	5	5	5	5	5	5	5	4	5	5	5	5	5	4	5	5	5	5	4	5	5	5	5	4	4	5	4	4	5	4	5	5	5	5	5	5	5	5	5	5	4	4	5	4	5	5	4	5	5	5	5	5	5	4	5	4	5	5	3	4	5	5	4	4	5	5	5	5	5	4	4	5	5
5	5	5	4	5	5	5	5	4	5	6	5	5	5	4	5	5	5	5	4	4	5	5	5	3	4	4	5	5	5	5	5	5	5	4	5	5	5	5	5	4	5	5	5	5	4	5	5	5	5	4	4	5	4	4	5	4	5	5	5	5	5	4	5	5	5	5	4	4	5	4	5	5	4	5	5	5	5	5	5	4	5	4	5	5	3	4	5	5	4	4	5	5	5	5	5	4	4	5	5
5	5	5	4	5	5	5	5	4	5	6	5	4	5	4	5	5	5	5	3	4	5	5	5	3	4	4	5	5	5	5	5	5	5	4	5	5	5	5	4	4	5	5	5	5	4	5	5	5	5	4	4	5	4	4	5	4	5	5	5	5	5	5	5	4	5	5	5	4	5	4	4	5	4	5	5	5	5	5	5	4	5	4	5	5	3	4	5	5	4	4	4	5	5	5	5	4	4	5	5
4	4	4	4	4	5	4	4	3	4	6	4	4	4	3	4	4	4	4	3	3	4	4	4	3	3	3	4	4	4	4	4	4	4	4	4	4	4	4	4	3	4	4	4	4	3	4	4	4	4	3	3	4	3	3	4	3	4	4	4	4	4	3	4	4	4	4	3	3	4	3	4	4	3	4	4	4	4	4	4	3	4	4	4	4	2	3	4	4	3	4	4	4	4	4	4	3	3	4	4
5	5	5	4	5	5	5	5	4	5	6	5	5	5	4	5	5	5	5	4	4	5	5	5	3	4	4	5	5	5	5	5	5	5	4	5	5	5	5	5	4	5	5	5	5	4	5	5	5	5	4	4	5	4	4	5	4	5	5	5	5	5	4	5	5	5	5	4	4	5	4	5	5	4	5	5	5	5	5	5	4	5	4	5	5	3	4	5	5	4	4	5	5	5	5	5	4	4	5	5
4	4	4	3	4	4	4	4	3	4	5	4	5	4	3	4	4	4	4	4	3	4	4	4	2	3	3	4	4	4	4	4	4	4	3	4	4	4	4	5	3	4	4	4	4	3	4	4	4	4	3	3	4	3	3	4	4	4	4	4	4	4	4	4	5	4	4	3	4	4	4	5	4	3	4	4	4	4	4	4	4	4	3	4	4	2	3	4	4	4	3	5	4	4	4	4	4	3	4	4
5	5	5	4	5	5	5	5	4	5	6	5	5	5	4	5	5	5	5	4	4	5	5	5	3	4	4	5	5	5	5	5	5	5	4	5	5	5	5	5	4	5	5	5	5	4	5	5	5	5	4	4	5	4	4	5	4	5	5	5	5	5	5	5	5	5	5	4	4	5	4	5	5	4	5	5	5	5	5	5	4	5	4	5	5	3	4	5	5	4	4	5	5	5	5	5	4	4	5	5
4	4	4	3	4	4	4	4	3	4	5	4	5	4	3	4	4	4	4	4	3	4	4	4	2	3	3	4	4	4	4	4	4	4	3	4	4	4	4	5	3	4	4	4	4	3	4	4	4	4	3	3	4	3	3	4	4	4	4	4	4	4	4	4	5	4	4	4	4	4	4	5	4	3	4	4	4	4	4	4	4	4	3	4	4	2	3	4	4	4	3	5	4	4	4	4	4	3	4	4
5	5	5	4	5	5	5	5	4	5	6	5	5	5	4	5	5	5	5	4	4	5	5	5	3	4	4	5	5	5	5	5	6	5	4	5	5	5	5	5	4	5	5	5	5	4	5	5	5	5	4	4	5	4	4	5	4	5	5	5	5	5	5	5	5	5	5	4	4	5	4	5	5	4	5	5	5	5	5	5	4	5	4	5	5	3	4	5	5	4	4	5	5	5	5	5	4	4	5	5
4	4	4	4	4	4	4	4	3	4	5	4	4	4	3	4	4	4	4	3	3	4	4	4	3	3	3	4	4	4	4	4	4	4	4	4	4	4	4	4	3	4	4	4	4	3	4	4	4	4	3	3	4	3	3	4	3	4	4	4	4	4	4	4	4	4	4	3	3	4	3	4	4	3	4	4	4	4	4	4	3	4	4	4	4	2	3	4	4	3	4	4	4	4	4	4	3	3	4	4
5	5	5	4	5	5	5	5	4	5	6	5	5	5	4	5	5	5	5	4	4	5	5	5	3	4	4	5	5	5	5	5	5	5	4	5	5	5	5	5	4	5	5	5	5	4	5	5	5	5	4	4	5	4	4	5	5	5	5	5	5	5	5	5	5	5	5	5	4	5	4	5	5	4	5	5	5	5	5	5	4	5	4	5	5	3	4	5	5	4	4	5	5	5	5	5	4	4	5	5
5	5	5	4	5	5	5	5	4	5	6	5	5	5	4	5	5	5	5	4	4	5	5	5	3	4	4	5	5	5	5	5	5	5	4	5	5	5	5	5	4	5	5	5	5	4	5	5	5	5	4	4	5	4	4	5	4	5	5	5	5	5	4	5	5	5	5	4	4	5	4	5	5	4	5	5	5	5	5	5	4	5	4	5	5	3	4	5	5	4	4	5	5	5	5	5	4	4	5	5
4	4	4	3	4	4	4	4	4	4	4	4	4	4	3	4	4	4	4	3	4	4	4	4	3	4	4	4	4	4	4	4	4	4	3	4	4	4	4	4	3	4	4	4	4	3	4	4	4	4	4	3	4	4	4	4	3	4	4	4	4	4	5	4	4	4	4	4	3	4	3	4	4	4	4	4	4	4	4	4	3	4	3	4	4	3	4	4	4	3	3	4	4	4	4	4	3	4	4	4
5	5	5	4	5	5	5	5	4	5	6	5	5	5	4	5	5	5	5	4	4	5	5	5	3	4	4	5	5	5	5	5	5	5	4	5	5	5	5	5	4	5	5	5	5	4	5	5	5	5	4	4	5	4	4	5	5	5	5	5	5	5	5	5	5	5	5	5	4	5	4	5	5	4	5	5	5	5	5	5	4	5	4	5	5	3	4	5	5	4	4	5	5	5	5	5	4	4	5	5
5	5	5	4	5	5	5	5	4	5	6	5	5	5	4	5	5	5	5	4	4	5	5	5	3	4	4	5	5	5	5	5	5	5	4	5	5	5	5	5	4	5	5	5	5	4	5	5	5	5	4	4	5	4	4	5	4	5	5	5	5	5	5	5	5	5	5	4	4	5	4	5	5	4	5	5	5	5	5	5	4	5	4	5	5	3	4	5	5	4	4	5	5	5	5	5	4	4	5	5
4	4	4	3	4	4	4	4	4	4	5	4	4	4	4	4	5	4	4	3	4	4	4	4	3	4	4	4	4	4	4	4	4	4	3	4	4	4	4	4	3	4	4	4	4	3	4	4	4	4	4	4	4	4	4	4	3	4	4	4	4	4	4	4	4	4	4	4	3	4	3	4	4	4	4	4	4	4	4	4	3	4	3	4	4	3	4	4	4	3	3	4	4	4	4	4	3	4	4	4
5	5	5	4	5	5	5	5	4	5	6	5	5	5	4	5	5	5	5	4	4	5	5	5	3	4	4	5	5	5	5	5	5	5	4	5	5	5	5	5	4	5	5	5	5	4	5	5	5	5	4	4	5	4	4	5	4	5	5	5	5	5	5	5	5	5	5	4	4	5	4	5	5	4	5	5	5	5	5	5	4	5	4	5	5	3	4	5	5	4	4	5	5	5	5	5	4	4	5	5
5	5	5	4	5	5	5	5	4	5	6	5	4	5	4	5	5	5	5	3	4	5	5	5	3	4	4	5	5	5	5	5	5	5	4	5	5	5	5	4	4	5	5	5	5	4	5	5	5	5	4	4	5	4	4	5	4	5	5	5	5	5	4	5	4	5	5	4	4	5	4	4	5	4	5	5	5	5	5	5	4	5	4	5	5	3	4	5	5	4	4	4	5	5	5	5	4	4	5	5
5	5	5	4	5	5	5	5	4	5	7	5	5	5	5	5	6	5	5	4	4	5	5	5	3	4	4	5	5	5	6	5	5	5	4	5	6	5	5	5	4	5	5	6	5	4	5	5	5	5	4	5	6	4	4	5	4	5	5	6	5	5	5	5	5	5	5	4	4	5	4	5	5	5	5	6	5	5	5	5	4	5	5	5	5	3	4	5	5	4	4	5	5	5	5	5	5	4	5	5
6	6	5	5	6	6	6	6	5	5	6	6	5	5	5	5	6	5	6	4	5	6	6	6	4	5	5	6	6	6	6	6	6	6	5	6	6	6	6	5	5	6	5	6	6	5	6	5	6	6	5	5	6	5	5	6	5	6	6	6	6	6	6	6	5	5	6	5	5	6	5	5	5	5	5	5	6	6	6	6	4	6	5	5	6	4	5	6	6	5	5	5	5	6	6	6	4	5	6	6
5	5	5	4	5	5	5	5	4	5	6	5	5	5	4	5	5	5	5	4	4	5	5	5	3	4	4	5	5	5	5	5	5	5	4	5	5	5	5	5	4	5	5	5	5	4	5	5	5	5	4	4	5	4	4	5	5	5	5	5	5	5	4	5	5	5	5	5	4	5	4	5	5	4	5	5	5	5	5	5	4	5	4	5	5	3	4	5	5	4	4	5	5	5	5	5	4	4	5	5
4	4	4	3	4	4	4	4	3	4	5	4	5	4	3	4	4	4	4	4	3	4	4	4	2	3	3	4	4	4	4	4	4	4	3	4	4	4	4	5	3	4	4	4	4	3	4	4	4	4	3	3	4	3	3	4	4	4	4	4	4	4	4	4	5	4	4	4	4	4	4	5	4	3	4	4	4	4	4	4	4	4	3	4	4	2	3	4	4	4	3	5	4	4	4	4	4	3	4	4
5	5	5	4	5	5	5	5	4	5	5	5	5	5	4	5	5	5	5	4	4	5	5	5	3	4	4	5	5	5	5	5	5	5	4	5	5	5	5	5	4	5	5	5	5	4	5	5	5	5	4	4	5	4	4	5	4	5	5	5	5	5	5	5	5	5	5	4	4	5	4	5	5	4	5	5	5	5	5	5	4	5	4	5	5	3	4	5	5	4	4	5	5	5	5	5	4	4	5	5
5	5	5	4	5	5	5	5	4	5	6	5	5	5	4	5	5	5	5	4	4	5	5	5	3	4	4	5	5	5	5	5	5	5	4	5	5	5	5	5	4	5	5	5	5	4	5	5	5	5	4	4	5	4	4	5	4	5	5	5	5	5	5	5	5	5	5	4	4	5	4	5	5	4	5	5	5	5	5	5	4	5	4	5	5	3	4	5	5	4	4	5	5	5	5	5	4	4	5	5
4	4	4	3	4	4	4	4	4	4	5	4	4	4	3	4	4	4	4	3	4	4	4	4	3	4	4	4	4	4	4	4	4	4	3	4	4	4	4	4	3	4	4	4	4	3	4	4	4	4	4	3	4	4	4	4	3	4	4	4	4	4	4	4	4	4	4	4	3	4	3	4	4	4	4	4	4	4	4	4	3	4	3	4	4	3	4	4	4	3	3	4	4	4	4	4	3	4	4	4
4	4	4	3	4	4	4	4	3	4	5	4	4	4	4	4	4	4	4	3	3	4	4	4	2	3	3	4	4	4	4	4	4	4	3	4	4	4	4	4	3	4	4	4	4	3	4	4	4	4	3	4	4	3	3	4	3	4	4	4	4	4	4	4	4	4	4	3	3	4	3	4	4	3	4	4	4	4	4	4	3	4	3	4	4	2	3	4	4	3	3	4	4	4	4	4	3	3	4	4
4	4	4	3	4	4	4	4	4	4	5	4	4	4	3	4	4	4	4	3	4	4	4	4	3	4	4	4	4	4	4	4	4	4	3	4	4	4	4	4	3	4	4	4	4	3	4	4	4	4	4	3	4	4	4	4	3	4	4	4	4	4	5	4	4	4	4	4	3	4	3	4	4	4	4	4	4	4	4	4	3	4	3	4	4	3	4	4	4	3	3	4	4	4	4	4	3	4	4	4
5	5	5	4	5	5	5	5	4	5	6	5	5	5	4	5	5	5	5	4	4	5	5	5	3	4	4	5	5	5	5	5	5	5	4	5	5	5	5	5	4	5	5	5	5	4	5	5	5	5	4	4	5	4	4	5	4	5	5	5	5	5	5	5	5	5	5	4	4	5	4	5	5	4	5	5	5	5	5	5	4	5	4	5	5	3	4	5	5	4	4	5	5	5	5	5	4	4	5	5
4	4	4	3	4	4	4	4	3	4	5	4	4	4	4	4	4	4	4	3	3	4	4	4	2	3	3	4	4	4	4	4	4	4	3	4	4	5	4	4	3	4	4	4	4	3	4	4	4	4	3	4	4	3	3	4	3	4	4	4	4	4	4	4	4	4	4	3	3	4	3	4	4	3	4	4	4	4	4	4	3	4	3	4	4	2	3	4	4	3	3	4	4	4	4	4	3	3	4	4
5	5	5	4	5	5	5	5	4	5	6	5	5	5	4	5	5	5	5	4	4	5	5	5	3	4	4	5	5	5	5	5	5	5	4	5	5	5	5	5	4	5	5	5	5	4	5	5	5	5	4	4	5	4	4	5	4	5	5	5	5	5	5	5	5	5	5	4	4	5	4	5	5	4	5	5	5	5	5	5	4	5	4	5	5	3	4	5	5	4	4	5	5	5	5	5	4	4	5	5
5	5	5	4	5	5	5	5	4	5	6	5	5	5	4	5	5	5	5	4	4	5	5	5	3	4	4	5	5	5	5	5	5	5	4	5	5	5	5	5	4	5	5	5	5	4	5	5	5	5	4	4	5	4	4	5	4	5	5	5	5	5	5	5	5	5	5	4	4	5	4	5	5	4	5	5	5	5	5	5	4	5	4	5	5	3	4	5	5	4	4	5	5	5	5	5	4	4	5	5
5	5	5	4	5	5	5	5	4	5	6	5	5	5	4	5	5	5	5	4	4	5	5	5	3	4	4	5	5	5	5	5	5	5	4	5	5	5	5	5	4	5	5	5	5	4	5	5	5	5	4	4	5	4	4	5	4	5	5	5	5	5	5	5	5	5	5	4	4	5	4	5	5	4	5	5	5	5	5	5	4	5	4	5	5	3	4	5	5	4	4	5	5	5	5	5	4	4	5	5
5	5	5	4	5	5	5	5	4	5	6	5	5	5	4	5	5	5	5	4	4	5	5	5	3	4	4	5	5	5	5	5	5	5	4	5	5	5	5	5	4	5	5	5	5	4	5	5	5	5	4	4	5	4	4	5	4	5	5	5	5	5	5	5	5	5	5	4	4	5	4	5	5	4	5	5	5	5	5	5	4	5	4	5	5	3	4	5	5	4	4	5	5	5	5	5	4	4	5	5
4	4	4	3	4	4	4	4	3	4	5	4	3	4	3	4	4	4	4	3	3	4	4	4	2	3	3	4	4	4	4	4	4	4	3	4	4	4	4	3	4	4	4	4	4	4	4	4	4	4	3	3	4	3	3	4	4	4	4	4	4	4	4	4	3	4	4	3	3	4	4	3	4	3	4	4	4	4	4	4	3	4	3	4	4	3	3	4	4	3	3	3	4	4	4	4	3	3	4	4
5	5	5	4	5	5	5	5	4	5	6	5	5	5	4	5	5	5	5	4	4	5	5	5	3	4	4	5	5	5	5	5	5	5	4	5	5	5	5	5	4	5	5	5	5	4	5	5	5	5	4	4	5	4	4	5	4	5	5	5	5	5	5	5	5	5	5	4	4	5	4	5	5	4	5	5	5	5	5	5	4	5	4	5	5	3	4	5	5	4	4	5	5	5	5	5	4	4	5	5
5	5	5	4	5	5	5	5	4	5	6	5	4	5	4	5	5	5	5	3	4	5	5	5	3	4	4	5	5	5	5	5	5	5	4	5	5	5	5	4	4	5	5	5	5	4	5	5	5	5	4	4	5	4	4	5	4	5	5	5	5	5	5	5	4	5	5	4	4	5	4	4	5	4	5	5	5	5	5	5	4	5	4	5	5	3	4	5	5	4	4	4	5	5	5	5	4	4	5	5
4	4	4	3	4	4	4	4	3	4	5	4	4	4	4	4	4	4	4	3	3	4	4	4	2	3	3	4	4	4	4	4	4	4	3	4	4	4	4	4	3	4	4	4	4	3	4	4	4	4	3	4	4	3	3	4	3	4	4	4	4	4	4	4	4	4	4	3	3	4	3	4	4	3	4	4	4	4	4	4	3	4	3	4	4	2	3	4	4	3	3	4	4	4	4	4	3	3	4	4
5	5	5	4	5	5	5	5	4	5	6	5	5	5	4	5	5	5	5	4	4	5	5	5	3	4	4	5	5	5	5	5	5	5	4	5	5	5	5	5	4	5	5	5	5	4	5	5	5	5	4	4	5	4	4	5	4	5	5	5	5	5	5	5	5	5	5	4	4	5	4	5	5	4	5	5	5	5	5	5	4	5	4	5	5	3	4	5	5	4	4	5	5	5	5	5	4	4	5	5
